28438264 51.289489700

0 3.975946548
1 3.409354120
2 4.117594655
3 3.331403118
4 3.175501114
5 3.299777283
6 3.300668151
7 3.576391982
8 3.331848552
9 3.834298441
10 4.120712695
11 4.120712695
12 3.441425390
13 3.445434298
14 3.445434298
15 4.214253898
16 4.214253898
17 3.806236080
18 3.806236080
19 3.806236080
20 3.806236080
21 3.445879733
22 3.987527840
23 3.987527840
24 3.523830735
25 3.326503341
26 3.314031180
27 3.314031180
28 3.340757238
29 3.722048998
30 3.510913140
31 3.316703786
32 3.295768374
33 3.807572383
34 3.807572383
35 3.807572383
36 3.807572383
37 4.071714922
38 3.381291759
39 3.465478842
40 3.465478842
41 3.349220490
42 3.752338530
43 3.752338530
44 3.752338530
45 3.519376392
46 3.519376392
47 3.519376392
48 3.519376392
49 3.519376392
50 3.519376392
51 3.179064588
52 3.189309577
53 3.751893096
54 3.322494432
55 3.322494432
56 3.454788419
57 4.194209354
58 3.375501114
59 3.367928731
60 3.111358575
61 3.467260579
62 3.476614699
63 3.476614699
64 3.476614699
65 3.476614699
66 3.476614699
67 3.476614699
68 3.476614699
69 3.476614699
70 3.476614699
71 3.476614699
72 3.476614699
73 3.476614699
74 3.476614699
75 3.476614699
76 3.476614699
77 3.476614699
78 3.476614699
79 3.476614699
80 3.476614699
81 3.476614699
82 3.476614699
83 3.476614699
84 3.476614699
85 3.476614699
86 3.280178174
87 3.341648107
88 3.341648107
89 3.302004454
90 3.151447661
91 3.596881960
92 3.596881960
93 3.596881960
94 3.596881960
95 3.596881960
96 3.596881960
97 3.596881960
98 3.596881960
99 3.422717149
100 3.280178174
101 3.364810690
102 3.475278396
103 3.228953229
104 3.333630290
105 3.333630290
106 3.333630290
107 3.324276169
108 3.466815145
109 3.465924276
110 3.462360802
111 3.538530067
112 3.265033408
113 3.595991091
114 3.497995546
115 3.444097996
116 3.595991091
117 3.532293987
118 3.384409800
119 3.324721604
120 3.335412027
121 3.511358575
122 3.498886414
123 3.522048998
124 3.530957684
125 3.530957684
126 3.530957684
127 3.530957684
128 3.530957684
129 3.530957684
130 3.530957684
131 3.530957684
132 3.530957684
133 3.530957684
134 3.530957684
135 3.530957684
136 3.530957684
137 3.530957684
138 3.530957684
139 3.530957684
140 3.530957684
141 3.530957684
142 3.530957684
143 3.530957684
144 3.530957684
145 3.530957684
146 3.530957684
147 3.530957684
148 3.530957684
149 3.530957684
150 3.530957684
151 3.530957684
152 3.530957684
153 3.530957684
154 3.530957684
155 3.530957684
156 3.530957684
157 3.530957684
158 3.530957684
159 3.530957684
160 3.530957684
161 3.530957684
162 3.530957684
163 3.530957684
164 3.530957684
165 3.305567929
166 3.305567929
167 3.305567929
168 3.510467706
169 3.510467706
170 3.510467706
171 3.390200445
172 3.362138085
173 3.530957684
174 3.530957684
175 3.529621381
176 3.529621381
177 3.529621381
178 3.360801782
179 3.360801782
180 3.329175947
181 3.518040089
182 3.518485523
183 3.453452116
184 3.486859688
185 3.191536748
186 3.474387528
187 3.293541203
188 3.293541203
189 3.406681514
190 3.371937639
191 3.615144766
192 3.602227171
193 3.615144766
194 3.971046771
195 4.094432071
196 3.620935412
197 3.136748330
198 3.319376392
199 2.991536748
200 4.094432071
201 4.094432071
202 4.094432071
203 4.094432071
204 4.100668151
205 4.100668151
206 4.375055679
207 4.375946548
208 4.600890869
209 4.600890869
210 4.969710468
211 5.969265033
212 4.449888641
213 4.449888641
214 4.449888641
215 3.451224944
216 3.077505568
217 3.464587973
218 3.464587973
219 3.853006682
220 4.429844098
221 4.744320713
222 3.295768374
223 3.607126949
224 3.607126949
225 3.607126949
226 3.607126949
227 3.607126949
228 3.607126949
229 3.606681514
230 3.357238307
231 3.025835189
232 3.270378619
233 3.429844098
234 3.297995546
235 3.998663697
236 3.946102450
237 4.024944321
238 4.024944321
239 3.642316258
240 3.930957684
241 3.968819599
242 3.968819599
243 4.213363029
244 4.213363029
245 3.822271715
246 3.868151448
247 3.359020045
248 4.334521158
249 3.344320713
250 4.069933185
251 5.065478842
252 5.065478842
253 5.065478842
254 5.065478842
255 5.065478842
256 5.065478842
257 5.065478842
258 5.065478842
259 5.065478842
260 5.065478842
261 4.606236080
262 4.362138085
263 4.305122494
264 3.569265033
265 3.396436526
266 4.277505568
267 4.302004454
268 4.451670379
269 4.451670379
270 4.219599109
271 4.208463252
272 4.421826281
273 4.422717149
274 4.431180401
275 5.265478842
276 5.263697105
277 5.263697105
278 5.263697105
279 5.267260579
280 5.267260579
281 5.267260579
282 5.420935412
283 5.420935412
284 6.259242762
285 6.259242762
286 6.259242762
287 6.259242762
288 6.259242762
289 6.259242762
290 6.259242762
291 6.259242762
292 6.263697105
293 6.263697105
294 6.263697105
295 6.263697105
296 4.131403118
297 4.946102450
298 4.364810690
299 5.129175947
300 5.938530067
301 5.069487751
302 4.735857461
303 4.735857461
304 4.735857461
305 4.737193764
306 4.737193764
307 4.737193764
308 4.737193764
309 4.737193764
310 4.737193764
311 4.737193764
312 4.738530067
313 4.738530067
314 4.738530067
315 4.938530067
316 4.738975501
317 4.738975501
318 4.938975501
319 4.938975501
320 4.938975501
321 4.738975501
322 4.738975501
323 4.738975501
324 4.738975501
325 4.738975501
326 4.738975501
327 4.738975501
328 4.103340757
329 4.738975501
330 4.738975501
331 4.738975501
332 4.738975501
333 4.738975501
334 4.738975501
335 4.738975501
336 4.738975501
337 4.738975501
338 4.738975501
339 4.738975501
340 4.738084633
341 5.733630290
342 5.733630290
343 5.733630290
344 5.737193764
345 5.737193764
346 4.595100223
347 4.595100223
348 4.134521158
349 4.134521158
350 4.134521158
351 4.134521158
352 4.134521158
353 4.134521158
354 4.134521158
355 4.133630290
356 3.138975501
357 5.133184855
358 5.133184855
359 3.206236080
360 3.875278396
361 4.144766147
362 4.205790646
363 3.616926503
364 3.791091314
365 3.791091314
366 3.679287305
367 3.562583519
368 3.626726058
369 3.138084633
370 3.123385301
371 3.885523385
372 3.017817372
373 3.119821826
374 3.570155902
375 3.437416481
376 3.445879733
377 3.209354120
378 3.326948775
379 3.580846325
380 3.580846325
381 3.515812918
382 3.813808463
383 3.874832962
384 3.874832962
385 3.874832962
386 3.428062361
387 3.215590200
388 3.370155902
389 3.139420935
390 3.467260579
391 3.481514477
392 3.628953229
393 4.616481069
394 3.519821826
395 3.340757238
396 3.566146993
397 3.566146993
398 3.566146993
399 3.344766147
400 3.316703786
401 3.382182628
402 3.239198218
403 3.242316258
404 4.103786192
405 4.103786192
406 4.103786192
407 4.103786192
408 4.103786192
409 4.103786192
410 4.103786192
411 4.103786192
412 4.103786192
413 4.103786192
414 4.103786192
415 4.103786192
416 4.103786192
417 3.575055679
418 3.388418708
419 3.346102450
420 3.504231626
421 3.504231626
422 3.504231626
423 3.504231626
424 3.504231626
425 3.504231626
426 3.504231626
427 3.504231626
428 3.504231626
429 3.504231626
430 3.504231626
431 3.504231626
432 3.504231626
433 3.383073497
434 3.383073497
435 3.383073497
436 3.383073497
437 3.383073497
438 3.383073497
439 3.383073497
440 3.383073497
441 3.277060134
442 3.277060134
443 3.235634744
444 3.504231626
445 3.504231626
446 3.504231626
447 3.504231626
448 3.504231626
449 3.504231626
450 3.504231626
451 3.504231626
452 3.504231626
453 3.504231626
454 3.504231626
455 3.504231626
456 3.504231626
457 3.381291759
458 3.381291759
459 3.381291759
460 3.381291759
461 3.381291759
462 3.381291759
463 3.381291759
464 3.381291759
465 3.379064588
466 3.412026726
467 3.498886414
468 3.498886414
469 3.498886414
470 3.498886414
471 3.498886414
472 3.498886414
473 3.498886414
474 3.498886414
475 3.498886414
476 3.340757238
477 3.962138085
478 4.103786192
479 4.103786192
480 4.103786192
481 4.103786192
482 3.348775056
483 3.391091314
484 3.391091314
485 3.391091314
486 3.391091314
487 3.391091314
488 3.391091314
489 3.512694878
490 3.512694878
491 3.512694878
492 3.512694878
493 3.512694878
494 3.512694878
495 3.512694878
496 3.512694878
497 3.512694878
498 3.512694878
499 3.512694878
500 3.512694878
501 3.512694878
502 3.512694878
503 3.512694878
504 3.512694878
505 3.512694878
506 3.456124722
507 3.289532294
508 3.490423163
509 3.802672606
510 4.019599109
511 4.021826281
512 3.619153675
513 3.619153675
514 3.619153675
515 3.619153675
516 3.619153675
517 3.619153675
518 3.619153675
519 3.619153675
520 3.619153675
521 3.619153675
522 3.619153675
523 3.619153675
524 3.619153675
525 3.619153675
526 3.619153675
527 3.619153675
528 3.619153675
529 3.619153675
530 3.619153675
531 3.619153675
532 3.619153675
533 3.524276169
534 3.618708241
535 3.458797327
536 4.122939866
537 3.660579065
538 3.656570156
539 4.025835189
540 4.025835189
541 3.684187082
542 3.660579065
543 3.814699332
544 3.814699332
545 3.814699332
546 3.814699332
547 3.814699332
548 3.595991091
549 3.627616927
550 4.289086860
551 3.726948775
552 4.331403118
553 4.110913140
554 4.618262806
555 3.957683742
556 3.555456570
557 3.484187082
558 3.714031180
559 3.658351893
560 3.870378619
561 3.986191537
562 3.950556793
563 3.653452116
564 3.877505568
565 3.568374165
566 3.569265033
567 4.482405345
568 4.009799555
569 4.036525612
570 4.036525612
571 4.036525612
572 4.482850780
573 4.482850780
574 4.190645880
575 4.190645880
576 4.429398664
577 4.594209354
578 3.677060134
579 3.904677060
580 3.904231626
581 3.904231626
582 3.904231626
583 3.903786192
584 3.386636971
585 4.874387528
586 4.902895323
587 4.037416481
588 4.037416481
589 4.248997773
590 4.261024499
591 4.247661470
592 3.265033408
593 5.016926503
594 4.400890869
595 4.401781737
596 4.401781737
597 4.401781737
598 5.018262806
599 3.791982183
600 3.669487751
601 3.341202673
602 4.204008909
603 3.923385301
604 3.977282851
605 4.030734967
606 3.621826281
607 3.970155902
608 3.970155902
609 3.970155902
610 3.740757238
611 4.233407572
612 4.233407572
613 4.232962138
614 4.157238307
615 3.677951002
616 3.815590200
617 3.863251670
618 3.741202673
619 3.536302895
620 4.264587973
621 4.205345212
622 3.331403118
623 4.184855234
624 3.604454343
625 4.006236080
626 3.951893096
627 3.803118040
628 4.217817372
629 4.217817372
630 4.802672606
631 4.662806236
632 3.709131403
633 4.695322940
634 4.695322940
635 4.695322940
636 4.696659243
637 4.696659243
638 4.708240535
639 4.640979955
640 4.497550111
641 4.641425390
642 3.960356347
643 3.960356347
644 3.960356347
645 3.926948775
646 4.234298441
647 3.666815145
648 4.267260579
649 4.267260579
650 3.383964365
651 3.575946548
652 5.481959911
653 4.473496659
654 4.473496659
655 4.473496659
656 5.472160356
657 4.942093541
658 4.749665924
659 3.794654788
660 3.568374165
661 3.530512249
662 3.684632517
663 4.097104677
664 4.278396437
665 4.278396437
666 4.407126949
667 4.519376392
668 4.527394209
669 4.527394209
670 4.527394209
671 3.728285078
672 3.570601336
673 3.790645880
674 4.000000000
675 4.215144766
676 3.950556793
677 4.096659243
678 3.779510022
679 3.499331849
680 3.850334076
681 3.791982183
682 4.751447661
683 4.496659243
684 4.751447661
685 4.495322940
686 4.495322940
687 4.495322940
688 4.436971047
689 4.695768374
690 4.310022272
691 4.778173719
692 5.777728285
693 4.346102450
694 4.112694878
695 4.477505568
696 4.423608018
697 4.384409800
698 4.495768374
699 3.633853007
700 3.204454343
701 3.036525612
702 4.093095768
703 4.093095768
704 3.791982183
705 4.093095768
706 4.093095768
707 4.093095768
708 3.791982183
709 4.093095768
710 4.093095768
711 3.872605791
712 4.239643653
713 4.239643653
714 5.238752784
715 5.238752784
716 4.461915367
717 4.096213808
718 4.096659243
719 4.241870824
720 4.220044543
721 3.922939866
722 3.414699332
723 4.414253898
724 4.414699332
725 3.763919822
726 4.421826281
727 4.414253898
728 4.414253898
729 4.414253898
730 4.414253898
731 4.414253898
732 4.414253898
733 4.484187082
734 4.484187082
735 5.410244989
736 4.453452116
737 4.388864143
738 5.054788419
739 4.748329621
740 4.532293987
741 5.387527840
742 5.387973274
743 5.661024499
744 5.661024499
745 4.673496659
746 5.661024499
747 4.063251670
748 4.063251670
749 4.063251670
750 3.706904232
751 3.703340757
752 4.055679287
753 4.701559020
754 4.701559020
755 4.701559020
756 3.200445434
757 3.266369710
758 3.856124722
759 3.876169265
760 5.045434298
761 4.795100223
762 5.053897550
763 5.046770601
764 5.047216036
765 5.047216036
766 4.976391982
767 4.976391982
768 4.808908686
769 4.808908686
770 4.808908686
771 3.849443207
772 3.815144766
773 3.845434298
774 3.850779510
775 3.850779510
776 4.822271715
777 4.662806236
778 4.821380846
779 4.822271715
780 5.660133630
781 5.662360802
782 5.820489978
783 5.820489978
784 4.843207127
785 6.206681514
786 5.207126949
787 5.208017817
788 4.209354120
789 5.208017817
790 3.688195991
791 3.327394209
792 4.559465479
793 4.179064588
794 3.981737194
795 4.981291759
796 3.529175947
797 3.904231626
798 4.740757238
799 3.439643653
800 4.361247216
801 4.348329621
802 4.902895323
803 4.903340757
804 4.903340757
805 5.077060134
806 5.347884187
807 5.285523385
808 4.874832962
809 4.439198218
810 4.439198218
811 3.146993318
812 3.839198218
813 3.801781737
814 4.352783964
815 4.431180401
816 4.425389755
817 4.431625835
818 4.438307350
819 4.438307350
820 5.437861915
821 3.933630290
822 3.778173719
823 3.613363029
824 4.777282851
825 4.777282851
826 3.951002227
827 4.337193764
828 4.329621381
829 4.022717149
830 3.766146993
831 3.219153675
832 4.025835189
833 4.025835189
834 3.956347439
835 3.953674833
836 3.940757238
837 4.183073497
838 4.187082405
839 3.790200445
840 4.224498886
841 4.293541203
842 4.783518931
843 4.785300668
844 4.117149220
845 4.122494432
846 3.706904232
847 3.994209354
848 4.704231626
849 4.782182628
850 5.317594655
851 4.523385301
852 5.117594655
853 4.767037862
854 6.078396437
855 4.215590200
856 5.150556793
857 5.323830735
858 4.327839644
859 4.403118040
860 4.159020045
861 4.980846325
862 3.659242762
863 3.885968820
864 4.410690423
865 3.425389755
866 4.214699332
867 4.112249443
868 3.570155902
869 4.443207127
870 4.248106904
871 6.322048998
872 6.322494432
873 6.322494432
874 6.322939866
875 4.330066815
876 4.330066815
877 4.330066815
878 3.734521158
879 3.566592428
880 4.563474388
881 4.230289532
882 4.328730512
883 3.730066815
884 4.294877506
885 4.294877506
886 4.281514477
887 4.263697105
888 3.159020045
889 3.114922049
890 3.117149220
891 3.704677060
892 3.519376392
893 3.827171492
894 3.581737194
895 4.293095768
896 3.697104677
897 3.613808463
898 5.326948775
899 5.326948775
900 4.327839644
901 5.327394209
902 3.589755011
903 3.515812918
904 3.322494432
905 3.191091314
906 3.172828508
907 3.580400891
908 3.405345212
909 4.321603563
910 4.321603563
911 4.146102450
912 4.146102450
913 3.858351893
914 4.144766147
915 3.780846325
916 3.863251670
917 3.863251670
918 4.204008909
919 3.528285078
920 3.431625835
921 4.074832962
922 3.795991091
923 4.319821826
924 4.079732739
925 4.320267261
926 4.676614699
927 4.676614699
928 5.283741648
929 5.283741648
930 5.040089087
931 5.060133630
932 5.658351893
933 5.656570156
934 5.656570156
935 5.656570156
936 5.656570156
937 5.656570156
938 5.656570156
939 5.656570156
940 5.656570156
941 5.656570156
942 5.656570156
943 5.656570156
944 5.656570156
945 5.656570156
946 5.283741648
947 5.656570156
948 5.283741648
949 5.283741648
950 5.283741648
951 5.656570156
952 5.656570156
953 5.657015590
954 5.656570156
955 5.656570156
956 5.656570156
957 5.656570156
958 5.656570156
959 5.657015590
960 5.657015590
961 5.657015590
962 5.656570156
963 5.656570156
964 5.656570156
965 5.656570156
966 5.656570156
967 5.656570156
968 5.656570156
969 5.656570156
970 5.656570156
971 5.656570156
972 4.183073497
973 4.470378619
974 4.626726058
975 4.851224944
976 5.563028953
977 5.090868597
978 5.090868597
979 5.090423163
980 4.092204900
981 5.091314031
982 4.159465479
983 3.974164811
984 4.879287305
985 4.490868597
986 3.986191537
987 4.648106904
988 4.877951002
989 5.877505568
990 4.518040089
991 4.682850780
992 4.142093541
993 4.583518931
994 4.375055679
995 3.772828508
996 4.326948775
997 3.833407572
998 3.836080178
999 4.019599109
1000 4.150556793
1001 4.209799555
1002 3.555011136
1003 5.116703786
1004 4.251224944
1005 5.250334076
1006 5.784409800
1007 4.784855234
1008 4.674387528
1009 4.249443207
1010 5.204008909
1011 5.204008909
1012 5.469933185
1013 5.064587973
1014 4.653452116
1015 6.064142539
1016 4.156792873
1017 3.552338530
1018 4.141648107
1019 5.755456570
1020 5.755456570
1021 4.756347439
1022 5.755902004
1023 8.230734967
1024 9.230289532
1025 7.232516704
1026 8.231180401
1027 6.235634744
1028 6.238307350
1029 6.238307350
1030 5.240089087
1031 7.237416481
1032 6.237416481
1033 6.239643653
1034 6.126948775
1035 7.126503341
1036 5.128285078
1037 4.749665924
1038 5.143875278
1039 5.143875278
1040 4.114476615
1041 3.910022272
1042 3.910022272
1043 3.910022272
1044 3.910022272
1045 3.910022272
1046 4.114476615
1047 4.114476615
1048 3.330512249
1049 3.366146993
1050 3.911358575
1051 3.828953229
1052 3.960801782
1053 3.358129176
1054 3.608908686
1055 4.040089087
1056 4.123830735
1057 4.121603563
1058 4.167483296
1059 4.167483296
1060 4.167483296
1061 4.167483296
1062 3.461024499
1063 3.489977728
1064 4.093986637
1065 4.268596882
1066 3.548775056
1067 4.268596882
1068 4.268596882
1069 4.269042316
1070 4.269933185
1071 3.246770601
1072 3.713140312
1073 3.712694878
1074 3.776391982
1075 3.776391982
1076 3.776391982
1077 3.776391982
1078 3.776391982
1079 3.776391982
1080 3.776391982
1081 3.776391982
1082 3.775501114
1083 3.768819599
1084 3.691759465
1085 3.475723831
1086 3.461469933
1087 3.338530067
1088 3.641870824
1089 3.641870824
1090 3.486859688
1091 4.767483296
1092 4.767483296
1093 4.077505568
1094 3.582628062
1095 3.499331849
1096 4.020935412
1097 3.821380846
1098 3.821380846
1099 3.821826281
1100 4.028953229
1101 3.833853007
1102 4.084632517
1103 3.605345212
1104 3.605345212
1105 3.605345212
1106 3.529621381
1107 3.764810690
1108 3.956792873
1109 3.939420935
1110 3.942538976
1111 3.942538976
1112 4.114031180
1113 4.135412027
1114 4.135412027
1115 4.135412027
1116 3.642761693
1117 3.697995546
1118 4.148329621
1119 3.371492205
1120 3.468151448
1121 3.631180401
1122 3.280178174
1123 3.506458797
1124 3.506458797
1125 3.631180401
1126 3.518930958
1127 3.643652561
1128 3.642761693
1129 3.642761693
1130 3.642761693
1131 3.642761693
1132 3.642761693
1133 3.642761693
1134 3.642761693
1135 3.517149220
1136 3.517149220
1137 3.521158129
1138 3.886859688
1139 3.731848552
1140 3.731848552
1141 3.731848552
1142 3.730066815
1143 3.859242762
1144 3.859688196
1145 4.858797327
1146 4.615590200
1147 4.615590200
1148 4.615590200
1149 3.915812918
1150 3.915812918
1151 3.915812918
1152 3.915812918
1153 3.915812918
1154 3.915812918
1155 3.915812918
1156 3.915812918
1157 3.915812918
1158 3.958574610
1159 3.958574610
1160 3.958574610
1161 4.217371938
1162 4.217371938
1163 4.217371938
1164 4.217371938
1165 4.217371938
1166 3.674832962
1167 3.488641425
1168 3.748329621
1169 3.163028953
1170 3.606236080
1171 4.123830735
1172 3.417371938
1173 4.323830735
1174 3.909131403
1175 3.820935412
1176 4.149665924
1177 3.832071269
1178 3.479287305
1179 3.795100223
1180 3.886859688
1181 3.821380846
1182 3.821380846
1183 3.821380846
1184 3.821380846
1185 3.328285078
1186 3.412917595
1187 3.689086860
1188 3.771046771
1189 3.698886414
1190 4.045879733
1191 4.045879733
1192 4.045879733
1193 4.045879733
1194 4.045879733
1195 3.897104677
1196 3.412472160
1197 3.913140312
1198 3.912249443
1199 3.722939866
1200 3.913140312
1201 3.913140312
1202 3.912249443
1203 4.910913140
1204 4.910913140
1205 3.477951002
1206 3.477951002
1207 3.477951002
1208 3.477951002
1209 3.477951002
1210 3.477951002
1211 3.477951002
1212 3.480623608
1213 3.480623608
1214 3.480623608
1215 3.480623608
1216 3.480623608
1217 3.480623608
1218 3.480623608
1219 3.480623608
1220 3.480623608
1221 3.480623608
1222 3.480623608
1223 3.480623608
1224 3.480623608
1225 3.346547884
1226 4.472605791
1227 4.472605791
1228 4.472605791
1229 4.472605791
1230 4.472605791
1231 4.472605791
1232 4.126948775
1233 4.993763920
1234 3.962138085
1235 4.960356347
1236 4.960356347
1237 5.959465479
1238 4.216481069
1239 4.961247216
1240 4.950111359
1241 4.950111359
1242 4.333184855
1243 4.334075724
1244 3.995545657
1245 3.526057906
1246 4.993318486
1247 3.974610245
1248 4.831625835
1249 4.284632517
1250 5.804008909
1251 5.804454343
1252 4.805345212
1253 5.804454343
1254 5.237861915
1255 5.804454343
1256 4.943875278
1257 3.226726058
1258 3.379064588
1259 3.233853007
1260 3.330066815
1261 3.538530067
1262 3.468151448
1263 3.428953229
1264 3.487750557
1265 3.576391982
1266 3.884187082
1267 3.552338530
1268 3.398663697
1269 3.561692650
1270 3.763028953
1271 3.873051225
1272 3.885077951
1273 3.885077951
1274 3.885077951
1275 3.232516704
1276 3.597772829
1277 3.573273942
1278 3.497550111
1279 3.642316258
1280 3.594209354
1281 3.964365256
1282 3.517149220
1283 4.133184855
1284 3.329175947
1285 3.912694878
1286 3.914476615
1287 3.914476615
1288 3.787082405
1289 4.020489978
1290 3.687750557
1291 4.230289532
1292 3.828062361
1293 3.514476615
1294 4.142538976
1295 3.818262806
1296 3.711358575
1297 3.475278396
1298 3.818708241
1299 3.759465479
1300 3.749220490
1301 3.834743875
1302 3.862806236
1303 3.862806236
1304 3.794654788
1305 3.794654788
1306 3.938530067
1307 3.938530067
1308 3.938530067
1309 3.767037862
1310 3.938530067
1311 4.029398664
1312 4.032516704
1313 3.993318486
1314 3.292650334
1315 4.066369710
1316 4.066369710
1317 3.715812918
1318 3.864142539
1319 3.864142539
1320 3.647216036
1321 3.556347439
1322 3.714922049
1323 3.639643653
1324 3.639643653
1325 3.983518931
1326 4.653006682
1327 4.813363029
1328 4.734075724
1329 5.652561247
1330 4.208908686
1331 3.934521158
1332 4.604454343
1333 3.567483296
1334 3.623162584
1335 4.493541203
1336 3.289532294
1337 3.729175947
1338 3.964365256
1339 4.111804009
1340 3.964365256
1341 3.964365256
1342 3.964365256
1343 3.895768374
1344 3.895768374
1345 3.895768374
1346 3.896213808
1347 4.187973274
1348 4.187973274
1349 3.896659243
1350 3.896659243
1351 3.896659243
1352 3.938975501
1353 5.098886414
1354 4.099331849
1355 4.231625835
1356 4.068151448
1357 4.068151448
1358 4.218262806
1359 4.217817372
1360 4.475278396
1361 4.525612472
1362 4.525612472
1363 4.525612472
1364 3.949220490
1365 4.454342984
1366 4.588418708
1367 4.588418708
1368 4.424944321
1369 4.840089087
1370 4.884632517
1371 4.054342984
1372 3.907795100
1373 4.657461024
1374 5.053006682
1375 6.052561247
1376 4.712249443
1377 3.941648107
1378 4.014699332
1379 4.014699332
1380 3.789755011
1381 3.638307350
1382 4.020044543
1383 4.020044543
1384 4.020044543
1385 3.941648107
1386 4.020044543
1387 4.020044543
1388 4.015144766
1389 4.032962138
1390 4.032962138
1391 4.032962138
1392 4.112249443
1393 4.112249443
1394 4.112249443
1395 4.112249443
1396 4.112249443
1397 4.112249443
1398 4.112249443
1399 5.012472160
1400 5.010244989
1401 5.010244989
1402 5.010244989
1403 5.010244989
1404 5.010244989
1405 5.010690423
1406 5.010690423
1407 5.010690423
1408 5.010690423
1409 5.010690423
1410 4.225389755
1411 5.224944321
1412 4.514031180
1413 4.316258352
1414 4.316258352
1415 4.316258352
1416 4.316258352
1417 4.237861915
1418 3.637861915
1419 4.071269488
1420 5.032962138
1421 3.499777283
1422 4.016926503
1423 4.016926503
1424 3.381737194
1425 3.677951002
1426 3.678841871
1427 3.678841871
1428 3.678841871
1429 3.678841871
1430 3.678841871
1431 3.598218263
1432 3.726948775
1433 3.726948775
1434 3.770155902
1435 3.770155902
1436 3.770155902
1437 3.770155902
1438 3.341648107
1439 3.346547884
1440 3.327394209
1441 3.647661470
1442 3.998218263
1443 3.998218263
1444 3.998218263
1445 3.884632517
1446 3.721158129
1447 3.517149220
1448 3.657015590
1449 3.423608018
1450 3.779955457
1451 3.779955457
1452 3.779955457
1453 3.644097996
1454 3.644988864
1455 3.644988864
1456 3.644988864
1457 3.644988864
1458 3.644988864
1459 3.555456570
1460 3.585300668
1461 3.406236080
1462 3.370601336
1463 3.709131403
1464 3.709131403
1465 3.709131403
1466 3.355456570
1467 3.526948775
1468 4.326948775
1469 4.145657016
1470 3.768374165
1471 4.777728285
1472 4.777728285
1473 4.777728285
1474 4.055233853
1475 4.359020045
1476 4.001336303
1477 3.728285078
1478 3.785746102
1479 3.861024499
1480 4.785300668
1481 4.110467706
1482 4.614699332
1483 4.999109131
1484 5.998663697
1485 5.998663697
1486 5.132739421
1487 4.183518931
1488 3.506013363
1489 3.689532294
1490 3.738975501
1491 3.689532294
1492 3.689532294
1493 3.689532294
1494 3.781737194
1495 4.147884187
1496 3.820044543
1497 4.175946548
1498 4.175946548
1499 4.147884187
1500 4.175946548
1501 3.739420935
1502 3.995545657
1503 4.176391982
1504 4.258351893
1505 3.995545657
1506 3.995545657
1507 3.995545657
1508 4.176391982
1509 4.176391982
1510 4.176391982
1511 4.176391982
1512 4.176391982
1513 4.176391982
1514 4.176391982
1515 4.176391982
1516 4.176391982
1517 4.176391982
1518 4.176391982
1519 4.579955457
1520 3.471714922
1521 3.391982183
1522 4.391091314
1523 4.391091314
1524 3.723385301
1525 4.391536748
1526 4.391536748
1527 4.722939866
1528 4.773719376
1529 5.773273942
1530 4.927394209
1531 4.794209354
1532 4.820489978
1533 5.773273942
1534 4.835189310
1535 4.726503341
1536 4.835634744
1537 4.240979955
1538 5.240534521
1539 5.240534521
1540 3.366146993
1541 4.365256125
1542 4.365256125
1543 4.112249443
1544 3.615590200
1545 3.654788419
1546 3.654788419
1547 4.453006682
1548 4.365256125
1549 4.365256125
1550 5.294877506
1551 4.295322940
1552 5.293541203
1553 5.294432071
1554 5.293986637
1555 5.293986637
1556 3.688641425
1557 5.257906459
1558 4.801336303
1559 4.800890869
1560 4.800890869
1561 3.950111359
1562 3.971937639
1563 3.578619154
1564 4.090868597
1565 4.092650334
1566 4.971492205
1567 4.971492205
1568 4.971492205
1569 5.517149220
1570 5.516703786
1571 5.517149220
1572 4.485077951
1573 3.587082405
1574 4.106904232
1575 4.425389755
1576 4.324276169
1577 3.990200445
1578 3.895768374
1579 4.324276169
1580 4.324276169
1581 4.324276169
1582 3.814699332
1583 4.323385301
1584 3.663251670
1585 3.663251670
1586 4.170601336
1587 4.410244989
1588 4.409799555
1589 4.410244989
1590 4.410690423
1591 4.410690423
1592 4.410690423
1593 4.410690423
1594 4.410690423
1595 3.629844098
1596 4.324276169
1597 4.324721604
1598 4.324721604
1599 3.975501114
1600 3.975501114
1601 3.634298441
1602 4.394209354
1603 4.394209354
1604 4.126503341
1605 4.107349666
1606 4.143429844
1607 4.142984410
1608 4.142984410
1609 3.723385301
1610 3.722939866
1611 3.722939866
1612 3.722939866
1613 3.722939866
1614 4.287305122
1615 4.660133630
1616 3.816926503
1617 4.487750557
1618 5.539420935
1619 4.570155902
1620 5.537639198
1621 4.541202673
1622 4.541648107
1623 5.539420935
1624 5.539420935
1625 5.539420935
1626 5.539420935
1627 4.573273942
1628 5.540311804
1629 5.479732739
1630 3.492204900
1631 4.299331849
1632 3.909576837
1633 3.466815145
1634 4.106904232
1635 3.896213808
1636 3.997327394
1637 4.195545657
1638 4.187082405
1639 4.186636971
1640 4.028062361
1641 4.277951002
1642 3.985300668
1643 4.017817372
1644 4.223608018
1645 4.223608018
1646 4.223162584
1647 3.281959911
1648 3.365701559
1649 3.492204900
1650 4.023608018
1651 4.024498886
1652 4.024498886
1653 4.430289532
1654 4.321603563
1655 5.027171492
1656 3.879287305
1657 4.878841871
1658 3.928285078
1659 4.877951002
1660 5.877505568
1661 3.500222717
1662 3.775501114
1663 3.756792873
1664 4.245879733
1665 3.910913140
1666 3.407572383
1667 4.224498886
1668 4.224498886
1669 4.224498886
1670 4.144766147
1671 3.559910913
1672 3.559465479
1673 3.775946548
1674 4.406681514
1675 4.405790646
1676 4.036080178
1677 4.036080178
1678 4.036080178
1679 4.036080178
1680 3.911804009
1681 3.911804009
1682 3.911804009
1683 3.911804009
1684 3.911804009
1685 3.911804009
1686 3.911804009
1687 3.911804009
1688 3.911804009
1689 3.904677060
1690 3.994654788
1691 4.261915367
1692 3.741202673
1693 4.242316258
1694 4.214253898
1695 4.214253898
1696 4.250334076
1697 4.285968820
1698 4.285077951
1699 4.285968820
1700 4.285968820
1701 4.321603563
1702 4.575055679
1703 5.249888641
1704 5.813363029
1705 5.142984410
1706 4.814253898
1707 5.142984410
1708 4.114922049
1709 4.097995546
1710 5.096659243
1711 5.096659243
1712 4.884187082
1713 4.976391982
1714 4.983964365
1715 4.984409800
1716 5.883296214
1717 5.883296214
1718 4.353674833
1719 5.011581292
1720 4.457906459
1721 4.219599109
1722 5.240979955
1723 5.240979955
1724 5.240979955
1725 5.022717149
1726 5.022717149
1727 5.560801782
1728 4.561692650
1729 4.710022272
1730 4.717594655
1731 5.715367483
1732 5.715367483
1733 5.715367483
1734 5.715367483
1735 5.715367483
1736 5.409799555
1737 5.409799555
1738 5.410244989
1739 5.410244989
1740 5.780400891
1741 6.779955457
1742 6.779510022
1743 6.779510022
1744 6.140311804
1745 6.140311804
1746 7.139420935
1747 5.142093541
1748 6.068151448
1749 5.553674833
1750 5.163028953
1751 5.163028953
1752 5.096213808
1753 5.162138085
1754 5.141648107
1755 5.163028953
1756 6.161247216
1757 6.161247216
1758 7.547438753
1759 7.547438753
1760 6.548329621
1761 7.546993318
1762 7.546993318
1763 7.546993318
1764 5.676169265
1765 4.727839644
1766 6.538084633
1767 6.522048998
1768 4.759465479
1769 4.779955457
1770 4.780400891
1771 5.726948775
1772 5.726948775
1773 7.440534521
1774 7.258351893
1775 8.257461024
1776 7.440534521
1777 8.440089087
1778 7.777728285
1779 7.777728285
1780 6.969710468
1781 5.068596882
1782 6.040979955
1783 4.092204900
1784 3.740311804
1785 3.740311804
1786 3.916258352
1787 3.916703786
1788 3.915812918
1789 4.200445434
1790 3.817371938
1791 3.833407572
1792 3.833407572
1793 3.833407572
1794 3.833407572
1795 4.217817372
1796 4.403563474
1797 4.806236080
1798 4.715812918
1799 4.816926503
1800 4.156347439
1801 4.682405345
1802 4.685077951
1803 5.214253898
1804 5.211581292
1805 5.212472160
1806 5.212472160
1807 4.651670379
1808 4.651670379
1809 4.404899777
1810 5.404454343
1811 4.915812918
1812 4.535857461
1813 5.535412027
1814 5.124276169
1815 5.124276169
1816 6.210690423
1817 6.210690423
1818 4.977728285
1819 5.306458797
1820 5.713585746
1821 5.713585746
1822 5.713585746
1823 6.305122494
1824 6.305567929
1825 6.305567929
1826 5.321603563
1827 4.322048998
1828 5.321603563
1829 5.321603563
1830 4.323385301
1831 4.200445434
1832 4.632071269
1833 4.632071269
1834 4.632071269
1835 4.632071269
1836 4.632071269
1837 4.677060134
1838 4.677060134
1839 5.316258352
1840 5.316258352
1841 5.316258352
1842 5.316258352
1843 5.316258352
1844 5.316258352
1845 5.316258352
1846 5.316258352
1847 5.202227171
1848 5.201781737
1849 5.201781737
1850 4.848552339
1851 5.326503341
1852 5.327394209
1853 6.200000000
1854 5.327394209
1855 6.326057906
1856 4.463251670
1857 4.642761693
1858 4.653006682
1859 5.144320713
1860 4.484632517
1861 5.462806236
1862 4.814253898
1863 5.813808463
1864 4.814253898
1865 5.027171492
1866 5.027616927
1867 4.994209354
1868 4.994209354
1869 4.994209354
1870 5.234743875
1871 4.686859688
1872 4.518930958
1873 4.585300668
1874 4.967483296
1875 5.584409800
1876 5.584409800
1877 4.464587973
1878 4.566146993
1879 4.990645880
1880 4.990200445
1881 4.921603563
1882 4.598663697
1883 4.771492205
1884 5.299777283
1885 5.300222717
1886 5.518040089
1887 4.155011136
1888 4.899777283
1889 4.662806236
1890 4.747438753
1891 5.112249443
1892 4.288641425
1893 4.997772829
1894 5.686414254
1895 5.135412027
1896 5.135412027
1897 5.312249443
1898 4.411135857
1899 4.718040089
1900 4.644988864
1901 4.844543430
1902 4.910022272
1903 4.737639198
1904 4.736748330
1905 4.707795100
1906 5.373719376
1907 5.643207127
1908 5.042316258
1909 5.267260579
1910 4.651670379
1911 5.203118040
1912 5.224053452
1913 4.711358575
1914 4.686414254
1915 5.639643653
1916 6.202227171
1917 6.202227171
1918 5.489977728
1919 5.677060134
1920 6.649443207
1921 5.649888641
1922 5.650334076
1923 4.680178174
1924 5.188864143
1925 6.188418708
1926 4.965256125
1927 4.720267261
1928 4.277951002
1929 4.277951002
1930 5.093986637
1931 4.362583519
1932 4.362583519
1933 5.989755011
1934 6.564365256
1935 6.564365256
1936 5.565256125
1937 6.548329621
1938 6.530066815
1939 5.565256125
1940 7.547884187
1941 5.596436526
1942 5.596436526
1943 6.354565702
1944 5.355902004
1945 5.356347439
1946 6.354120267
1947 6.353674833
1948 6.353674833
1949 6.354120267
1950 6.355456570
1951 5.358129176
1952 6.354565702
1953 5.738975501
1954 5.738975501
1955 5.738975501
1956 5.738975501
1957 5.735412027
1958 6.734966592
1959 4.095322940
1960 5.094877506
1961 5.094877506
1962 5.094877506
1963 4.816481069
1964 5.094432071
1965 5.094432071
1966 5.028507795
1967 4.987082405
1968 4.893095768
1969 4.722048998
1970 4.337193764
1971 4.774164811
1972 4.065478842
1973 4.731848552
1974 5.094432071
1975 4.565256125
1976 5.090423163
1977 5.089977728
1978 5.090423163
1979 5.090423163
1980 5.087750557
1981 5.090423163
1982 5.090423163
1983 5.094432071
1984 5.075723831
1985 4.826726058
1986 5.037416481
1987 5.094432071
1988 4.725167038
1989 5.094432071
1990 5.071714922
1991 5.071714922
1992 4.704677060
1993 5.090868597
1994 4.693541203
1995 5.093986637
1996 5.093095768
1997 5.094432071
1998 4.616481069
1999 5.087750557
2000 5.094432071
2001 5.094432071
2002 4.228062361
2003 4.725612472
2004 5.093541203
2005 4.250334076
2006 4.051224944
2007 5.890423163
2008 5.842316258
2009 5.842316258
2010 5.842316258
2011 5.842316258
2012 4.939420935
2013 4.938975501
2014 5.938530067
2015 4.725612472
2016 3.856124722
2017 3.800000000
2018 4.309131403
2019 5.308240535
2020 5.308240535
2021 5.308240535
2022 5.114922049
2023 4.763919822
2024 4.447661470
2025 4.764365256
2026 4.764365256
2027 4.764365256
2028 4.764365256
2029 4.763919822
2030 4.763028953
2031 4.265478842
2032 5.446325167
2033 5.446770601
2034 5.446770601
2035 5.294432071
2036 5.293541203
2037 4.799109131
2038 4.525167038
2039 4.513585746
2040 6.804008909
2041 6.804008909
2042 5.804899777
2043 6.804454343
2044 5.809354120
2045 5.810690423
2046 5.810690423
2047 5.808463252
2048 5.808463252
2049 5.808463252
2050 5.815144766
2051 7.793763920
2052 7.793763920
2053 7.793763920
2054 7.792873051
2055 6.795545657
2056 7.794209354
2057 7.794209354
2058 7.795100223
2059 6.814699332
2060 6.069487751
2061 7.069042316
2062 6.086414254
2063 6.086414254
2064 6.086414254
2065 4.689977728
2066 5.689532294
2067 6.292204900
2068 7.291759465
2069 5.140757238
2070 4.991536748
2071 5.989755011
2072 5.990200445
2073 5.990200445
2074 4.210690423
2075 4.247216036
2076 4.517594655
2077 4.573273942
2078 4.562138085
2079 4.554120267
2080 4.410244989
2081 4.527394209
2082 5.526948775
2083 6.963028953
2084 7.962583519
2085 5.965701559
2086 6.963474388
2087 6.963919822
2088 6.963919822
2089 4.971046771
2090 5.967928731
2091 5.422717149
2092 5.422717149
2093 5.042316258
2094 4.974164811
2095 5.574610245
2096 5.627171492
2097 5.627171492
2098 5.627171492
2099 5.627171492
2100 5.627616927
2101 5.627616927
2102 5.627616927
2103 5.626280624
2104 5.626280624
2105 5.626280624
2106 5.626280624
2107 5.585746102
2108 5.585746102
2109 5.585746102
2110 6.625389755
2111 5.629844098
2112 5.629844098
2113 5.629844098
2114 6.028062361
2115 4.888195991
2116 5.676169265
2117 5.676169265
2118 4.930512249
2119 5.121603563
2120 5.676614699
2121 5.785300668
2122 4.301113586
2123 4.340311804
2124 5.300668151
2125 6.106458797
2126 6.102895323
2127 6.103786192
2128 6.103786192
2129 5.672605791
2130 5.672160356
2131 5.672160356
2132 5.672160356
2133 5.856570156
2134 4.946993318
2135 6.670824053
2136 4.223162584
2137 4.298440980
2138 4.995545657
2139 5.191982183
2140 5.191982183
2141 4.995991091
2142 6.383518931
2143 6.383518931
2144 5.384409800
2145 6.383518931
2146 6.383518931
2147 6.383518931
2148 6.383518931
2149 5.995100223
2150 5.995100223
2151 5.994209354
2152 5.994654788
2153 6.993763920
2154 4.728285078
2155 4.728285078
2156 4.728285078
2157 4.728285078
2158 5.179064588
2159 5.179064588
2160 5.179064588
2161 5.179064588
2162 5.179064588
2163 5.179064588
2164 5.179064588
2165 5.179064588
2166 5.179064588
2167 5.017817372
2168 5.022271715
2169 6.017371938
2170 6.016035635
2171 6.015144766
2172 7.014253898
2173 7.014253898
2174 5.024498886
2175 5.025835189
2176 6.025389755
2177 6.023608018
2178 6.023608018
2179 6.023608018
2180 6.023608018
2181 10.712694878
2182 10.712694878
2183 10.712694878
2184 9.714922049
2185 9.714922049
2186 10.712694878
2187 8.719376392
2188 7.742538976
2189 7.742538976
2190 7.742538976
2191 7.299777283
2192 7.302895323
2193 6.907349666
2194 7.737193764
2195 7.728730512
2196 7.738975501
2197 7.742538976
2198 7.743875278
2199 8.738530067
2200 7.003118040
2201 8.002672606
2202 7.894432071
2203 7.892650334
2204 7.997772829
2205 7.894877506
2206 8.722048998
2207 8.720712695
2208 8.889977728
2209 8.726057906
2210 8.725612472
2211 8.726057906
2212 8.390200445
2213 8.390200445
2214 8.390645880
2215 8.390645880
2216 8.390645880
2217 8.390645880
2218 8.390645880
2219 7.394654788
2220 8.390645880
2221 9.389309577
2222 7.398663697
2223 6.403563474
2224 5.413808463
2225 5.419153675
2226 6.560356347
2227 7.559910913
2228 6.560356347
2229 5.562583519
2230 7.559910913
2231 5.564365256
2232 4.567037862
2233 4.569710468
2234 4.623608018
2235 4.623608018
2236 4.623608018
2237 4.623608018
2238 4.623608018
2239 4.623608018
2240 4.623608018
2241 4.623608018
2242 4.623608018
2243 4.623608018
2244 4.623608018
2245 4.623608018
2246 1.250000000
2247 1.250000000
2248 1.000000000
2249 1.250000000
2250 1.750000000
2251 1.600000000
2252 1.200000000
2253 1.600000000
2254 1.600000000
2255 1.600000000
2256 1.200000000
2257 1.000000000
2258 1.000000000
2259 1.000000000
2260 1.000000000
2261 1.000000000
2262 1.000000000
2263 1.000000000
2264 1.000000000
2265 1.000000000
2266 1.000000000
2267 1.000000000
2268 1.000000000
2269 1.000000000
2270 1.000000000
2271 1.000000000
2272 1.000000000
2273 1.000000000
2274 1.000000000
2275 0.000000000
2276 0.000000000
2277 0.000000000
2278 1.000000000
2279 1.000000000
2280 0.000000000
2281 1.000000000
2282 1.000000000
2283 1.000000000
2284 1.000000000
2285 1.000000000
2286 1.000000000
2287 1.000000000
2288 1.000000000
2289 1.000000000
2290 1.000000000
2291 1.000000000
2292 1.000000000
2293 1.000000000
2294 1.000000000
2295 1.000000000
2296 1.000000000
2297 1.000000000
2298 1.000000000
2299 1.000000000
2300 1.000000000
2301 1.000000000
2302 1.000000000
2303 1.000000000
2304 1.000000000
2305 1.000000000
2306 1.000000000
2307 1.000000000
2308 1.000000000
2309 1.000000000
2310 1.000000000
2311 1.000000000
2312 1.000000000
2313 1.000000000
2314 1.000000000
2315 1.000000000
2316 1.000000000
2317 1.000000000
2318 1.000000000
2319 1.000000000
2320 1.000000000
2321 1.000000000
2322 1.000000000
2323 1.000000000
2324 1.000000000
2325 1.000000000
2326 1.000000000
2327 1.000000000
2328 1.000000000
2329 1.000000000
2330 1.000000000
2331 1.000000000
2332 1.000000000
2333 1.000000000
2334 1.000000000
2335 1.000000000
2336 1.000000000
2337 1.000000000
2338 1.000000000
2339 1.000000000
2340 1.000000000
2341 1.000000000
2342 0.000000000
2343 1.000000000
2344 1.000000000
2345 1.000000000
2346 1.000000000
2347 1.000000000
2348 0.000000000
2349 1.000000000
2350 1.000000000
2351 1.000000000
2352 0.000000000
2353 1.000000000
2354 1.000000000
2355 1.000000000
2356 1.000000000
2357 1.000000000
2358 1.000000000
2359 1.000000000
2360 1.000000000
2361 1.000000000
2362 1.000000000
2363 0.000000000
2364 1.000000000
2365 1.500000000
2366 1.500000000
2367 1.000000000
2368 1.000000000
2369 1.000000000
2370 1.000000000
2371 1.000000000
2372 1.000000000
2373 1.000000000
2374 1.000000000
2375 1.000000000
2376 1.000000000
2377 0.000000000
2378 1.000000000
2379 1.500000000
2380 1.500000000
2381 1.000000000
2382 1.000000000
2383 1.000000000
2384 1.000000000
2385 1.000000000
2386 1.000000000
2387 1.000000000
2388 1.000000000
2389 1.000000000
2390 0.000000000
2391 1.000000000
2392 1.000000000
2393 1.000000000
2394 0.000000000
2395 0.000000000
2396 1.000000000
2397 1.000000000
2398 1.000000000
2399 0.000000000
2400 1.000000000
2401 1.000000000
2402 1.000000000
2403 1.000000000
2404 0.000000000
2405 1.000000000
2406 1.000000000
2407 1.000000000
2408 1.000000000
2409 1.000000000
2410 1.000000000
2411 1.000000000
2412 1.000000000
2413 1.285714286
2414 1.142857143
2415 1.142857143
2416 1.000000000
2417 1.000000000
2418 1.000000000
2419 1.000000000
2420 1.000000000
2421 1.000000000
2422 1.000000000
2423 1.000000000
2424 1.000000000
2425 1.500000000
2426 1.000000000
2427 1.500000000
2428 0.000000000
2429 1.000000000
2430 1.000000000
2431 1.333333333
2432 1.333333333
2433 1.500000000
2434 1.000000000
2435 1.500000000
2436 1.000000000
2437 1.000000000
2438 1.000000000
2439 1.000000000
2440 1.000000000
2441 1.000000000
2442 1.000000000
2443 1.000000000
2444 1.000000000
2445 1.000000000
2446 1.000000000
2447 1.000000000
2448 1.000000000
2449 1.000000000
2450 1.000000000
2451 1.000000000
2452 1.000000000
2453 0.000000000
2454 0.000000000
2455 1.000000000
2456 1.000000000
2457 1.500000000
2458 1.000000000
2459 1.500000000
2460 1.000000000
2461 1.000000000
2462 1.000000000
2463 1.000000000
2464 1.000000000
2465 1.000000000
2466 1.000000000
2467 1.000000000
2468 1.000000000
2469 0.000000000
2470 1.000000000
2471 1.000000000
2472 1.000000000
2473 1.000000000
2474 1.333333333
2475 1.333333333
2476 1.333333333
2477 1.333333333
2478 1.000000000
2479 1.666666667
2480 1.666666667
2481 1.000000000
2482 1.000000000
2483 1.000000000
2484 1.000000000
2485 1.000000000
2486 1.000000000
2487 1.000000000
2488 1.000000000
2489 1.666666667
2490 1.666666667
2491 1.666666667
2492 0.000000000
2493 2.000000000
2494 1.200000000
2495 2.000000000
2496 1.200000000
2497 1.400000000
2498 1.400000000
2499 1.000000000
2500 1.000000000
2501 0.000000000
2502 0.000000000
2503 1.000000000
2504 1.000000000
2505 1.000000000
2506 0.000000000
2507 1.000000000
2508 1.000000000
2509 1.000000000
2510 0.000000000
2511 1.000000000
2512 1.000000000
2513 1.000000000
2514 1.000000000
2515 1.000000000
2516 1.000000000
2517 1.000000000
2518 1.000000000
2519 1.000000000
2520 1.000000000
2521 1.000000000
2522 1.000000000
2523 1.000000000
2524 1.000000000
2525 1.000000000
2526 1.000000000
2527 1.000000000
2528 1.000000000
2529 1.750000000
2530 1.000000000
2531 1.750000000
2532 1.500000000
2533 1.500000000
2534 1.000000000
2535 1.000000000
2536 1.000000000
2537 1.000000000
2538 1.000000000
2539 1.000000000
2540 1.000000000
2541 0.000000000
2542 1.000000000
2543 1.000000000
2544 0.000000000
2545 1.000000000
2546 1.000000000
2547 1.000000000
2548 1.000000000
2549 1.000000000
2550 1.000000000
2551 0.000000000
2552 2.333333333
2553 1.500000000
2554 1.333333333
2555 2.333333333
2556 1.833333333
2557 1.833333333
2558 1.833333333
2559 1.000000000
2560 1.000000000
2561 0.000000000
2562 1.000000000
2563 1.000000000
2564 1.000000000
2565 1.000000000
2566 1.500000000
2567 1.500000000
2568 1.000000000
2569 1.000000000
2570 1.000000000
2571 1.000000000
2572 1.000000000
2573 1.000000000
2574 1.000000000
2575 1.000000000
2576 1.000000000
2577 1.000000000
2578 1.000000000
2579 1.000000000
2580 1.000000000
2581 1.000000000
2582 1.000000000
2583 1.000000000
2584 1.000000000
2585 1.000000000
2586 1.000000000
2587 1.000000000
2588 1.000000000
2589 1.000000000
2590 1.000000000
2591 1.000000000
2592 1.000000000
2593 1.000000000
2594 1.000000000
2595 1.000000000
2596 1.000000000
2597 1.000000000
2598 1.000000000
2599 1.000000000
2600 1.000000000
2601 1.000000000
2602 1.000000000
2603 1.000000000
2604 1.000000000
2605 1.000000000
2606 1.000000000
2607 1.000000000
2608 1.000000000
2609 1.000000000
2610 1.000000000
2611 1.000000000
2612 1.000000000
2613 1.000000000
2614 1.000000000
2615 1.000000000
2616 1.000000000
2617 1.000000000
2618 1.000000000
2619 1.000000000
2620 1.000000000
2621 1.000000000
2622 1.000000000
2623 1.000000000
2624 1.000000000
2625 1.000000000
2626 1.000000000
2627 1.000000000
2628 1.000000000
2629 1.000000000
2630 1.000000000
2631 1.000000000
2632 1.000000000
2633 1.000000000
2634 1.000000000
2635 1.000000000
2636 1.000000000
2637 1.000000000
2638 1.000000000
2639 1.000000000
2640 1.000000000
2641 1.000000000
2642 1.000000000
2643 1.000000000
2644 1.000000000
2645 1.000000000
2646 1.000000000
2647 1.000000000
2648 1.000000000
2649 1.000000000
2650 1.000000000
2651 1.000000000
2652 1.000000000
2653 1.000000000
2654 0.000000000
2655 1.000000000
2656 1.000000000
2657 1.000000000
2658 1.000000000
2659 1.000000000
2660 1.000000000
2661 1.000000000
2662 1.000000000
2663 1.000000000
2664 1.000000000
2665 1.000000000
2666 1.000000000
2667 1.000000000
2668 1.000000000
2669 1.000000000
2670 1.000000000
2671 1.000000000
2672 1.000000000
2673 1.000000000
2674 1.000000000
2675 1.000000000
2676 1.000000000
2677 1.000000000
2678 1.000000000
2679 1.000000000
2680 1.000000000
2681 1.000000000
2682 1.333333333
2683 1.333333333
2684 1.000000000
2685 1.666666667
2686 1.000000000
2687 1.000000000
2688 1.000000000
2689 1.000000000
2690 1.000000000
2691 1.000000000
2692 1.000000000
2693 1.000000000
2694 1.000000000
2695 1.000000000
2696 1.000000000
2697 1.000000000
2698 1.000000000
2699 1.500000000
2700 1.000000000
2701 1.500000000
2702 0.000000000
2703 0.000000000
2704 1.333333333
2705 1.333333333
2706 2.000000000
2707 2.000000000
2708 1.000000000
2709 1.000000000
2710 1.000000000
2711 1.000000000
2712 1.000000000
2713 1.000000000
2714 1.000000000
2715 1.000000000
2716 1.000000000
2717 1.000000000
2718 1.000000000
2719 1.000000000
2720 1.000000000
2721 1.000000000
2722 1.000000000
2723 1.000000000
2724 1.000000000
2725 1.000000000
2726 1.000000000
2727 1.000000000
2728 1.000000000
2729 1.000000000
2730 1.000000000
2731 1.000000000
2732 1.000000000
2733 1.000000000
2734 1.000000000
2735 1.500000000
2736 1.666666667
2737 1.000000000
2738 1.666666667
2739 1.833333333
2740 1.833333333
2741 1.833333333
2742 1.000000000
2743 1.000000000
2744 0.000000000
2745 1.000000000
2746 1.000000000
2747 1.000000000
2748 1.000000000
2749 1.000000000
2750 1.600000000
2751 1.600000000
2752 1.600000000
2753 1.600000000
2754 0.000000000
2755 1.000000000
2756 1.000000000
2757 1.000000000
2758 1.200000000
2759 1.600000000
2760 1.200000000
2761 2.000000000
2762 1.400000000
2763 1.800000000
2764 1.000000000
2765 1.000000000
2766 1.000000000
2767 1.000000000
2768 1.000000000
2769 1.000000000
2770 1.000000000
2771 1.000000000
2772 1.000000000
2773 1.000000000
2774 1.000000000
2775 1.000000000
2776 1.000000000
2777 1.000000000
2778 1.000000000
2779 1.000000000
2780 1.125000000
2781 1.125000000
2782 1.000000000
2783 1.000000000
2784 1.000000000
2785 1.500000000
2786 1.500000000
2787 1.000000000
2788 1.000000000
2789 1.000000000
2790 1.000000000
2791 1.000000000
2792 1.000000000
2793 1.000000000
2794 1.000000000
2795 0.000000000
2796 1.000000000
2797 1.000000000
2798 1.000000000
