28510300 50.090064500

0 0.251512436
1 0.293310687
2 0.242860234
3 0.300173820
4 0.314910927
5 0.303050756
6 0.302968961
7 0.279611409
8 0.300133690
9 0.260803903
10 0.242676467
11 0.242676467
12 0.290577272
13 0.290239173
14 0.290239173
15 0.237289927
16 0.237289927
17 0.262726741
18 0.262726741
19 0.262726741
20 0.262726741
21 0.290201655
22 0.250781948
23 0.250781948
24 0.283782076
25 0.300615961
26 0.301747312
27 0.301747312
28 0.299333333
29 0.268669220
30 0.284826186
31 0.301504163
32 0.303419381
33 0.262634534
34 0.262634534
35 0.262634534
36 0.262634534
37 0.245596762
38 0.295744961
39 0.288560411
40 0.288560411
41 0.298576938
42 0.266500475
43 0.266500475
44 0.266500475
45 0.284141248
46 0.284141248
47 0.284141248
48 0.284141248
49 0.284141248
50 0.284141248
51 0.314557938
52 0.313547486
53 0.266532114
54 0.300978683
55 0.300978683
56 0.289453326
57 0.238423959
58 0.296252309
59 0.296918397
60 0.321403006
61 0.288412127
62 0.287636131
63 0.287636131
64 0.287636131
65 0.287636131
66 0.287636131
67 0.287636131
68 0.287636131
69 0.287636131
70 0.287636131
71 0.287636131
72 0.287636131
73 0.287636131
74 0.287636131
75 0.287636131
76 0.287636131
77 0.287636131
78 0.287636131
79 0.287636131
80 0.287636131
81 0.287636131
82 0.287636131
83 0.287636131
84 0.287636131
85 0.287636131
86 0.304861488
87 0.299253532
88 0.299253532
89 0.302846351
90 0.317314488
91 0.278018576
92 0.278018576
93 0.278018576
94 0.278018576
95 0.278018576
96 0.278018576
97 0.278018576
98 0.278018576
99 0.292165539
100 0.304861488
101 0.297193540
102 0.287746732
103 0.309697889
104 0.299973276
105 0.299973276
106 0.299973276
107 0.300817366
108 0.288449184
109 0.288523326
110 0.288820275
111 0.282603223
112 0.306275580
113 0.278087452
114 0.285878008
115 0.290351785
116 0.278087452
117 0.283102144
118 0.295472493
119 0.300777063
120 0.299813034
121 0.284790055
122 0.285805220
123 0.283925636
124 0.283209285
125 0.283209285
126 0.283209285
127 0.283209285
128 0.283209285
129 0.283209285
130 0.283209285
131 0.283209285
132 0.283209285
133 0.283209285
134 0.283209285
135 0.283209285
136 0.283209285
137 0.283209285
138 0.283209285
139 0.283209285
140 0.283209285
141 0.283209285
142 0.283209285
143 0.283209285
144 0.283209285
145 0.283209285
146 0.283209285
147 0.283209285
148 0.283209285
149 0.283209285
150 0.283209285
151 0.283209285
152 0.283209285
153 0.283209285
154 0.283209285
155 0.283209285
156 0.283209285
157 0.283209285
158 0.283209285
159 0.283209285
160 0.283209285
161 0.283209285
162 0.283209285
163 0.283209285
164 0.283209285
165 0.302519876
166 0.302519876
167 0.302519876
168 0.284862327
169 0.284862327
170 0.284862327
171 0.294967810
172 0.297429783
173 0.283209285
174 0.283209285
175 0.283316507
176 0.283316507
177 0.283316507
178 0.297548045
179 0.297548045
180 0.300374632
181 0.284249177
182 0.284213192
183 0.289565330
184 0.286791007
185 0.313328681
186 0.287820513
187 0.303624560
188 0.303624560
189 0.293540795
190 0.296565390
191 0.276614096
192 0.277606034
193 0.276614096
194 0.251822771
195 0.244234117
196 0.276171731
197 0.318801477
198 0.301261406
199 0.334276355
200 0.244234117
201 0.244234117
202 0.244234117
203 0.244234117
204 0.243862698
205 0.243862698
206 0.228568520
207 0.228521987
208 0.217349211
209 0.217349211
210 0.201218966
211 0.167524812
212 0.224724725
213 0.224724725
214 0.224724725
215 0.289752194
216 0.324938486
217 0.288634610
218 0.288634610
219 0.259537572
220 0.225741579
221 0.210778331
222 0.303419381
223 0.277228945
224 0.277228945
225 0.277228945
226 0.277228945
227 0.277228945
228 0.277228945
229 0.277263184
230 0.297863872
231 0.330487266
232 0.305774993
233 0.291558442
234 0.303214479
235 0.250083547
236 0.253414607
237 0.248450642
238 0.248450642
239 0.274550569
240 0.254390935
241 0.251964085
242 0.251964085
243 0.237340099
244 0.237340099
245 0.261624519
246 0.258521419
247 0.297705875
248 0.230705991
249 0.299014385
250 0.245704279
251 0.197414703
252 0.197414703
253 0.197414703
254 0.197414703
255 0.197414703
256 0.197414703
257 0.197414703
258 0.197414703
259 0.197414703
260 0.197414703
261 0.217096993
262 0.229245379
263 0.232281428
264 0.280169724
265 0.294426230
266 0.233781110
267 0.232449783
268 0.224634781
269 0.224634781
270 0.236989338
271 0.237616427
272 0.226150902
273 0.226105348
274 0.225673502
275 0.189916251
276 0.189980537
277 0.189980537
278 0.189980537
279 0.189852008
280 0.189852008
281 0.189852008
282 0.184470008
283 0.184470008
284 0.159763735
285 0.159763735
286 0.159763735
287 0.159763735
288 0.159763735
289 0.159763735
290 0.159763735
291 0.159763735
292 0.159650121
293 0.159650121
294 0.159650121
295 0.159650121
296 0.242048518
297 0.202179395
298 0.229105011
299 0.194963092
300 0.168391839
301 0.197258589
302 0.211155004
303 0.211155004
304 0.211155004
305 0.211095440
306 0.211095440
307 0.211095440
308 0.211095440
309 0.211095440
310 0.211095440
311 0.211095440
312 0.211035909
313 0.211035909
314 0.211035909
315 0.202489402
316 0.211016073
317 0.211016073
318 0.202471140
319 0.202471140
320 0.202471140
321 0.211016073
322 0.211016073
323 0.211016073
324 0.211016073
325 0.211016073
326 0.211016073
327 0.211016073
328 0.243703865
329 0.211016073
330 0.211016073
331 0.211016073
332 0.211016073
333 0.211016073
334 0.211016073
335 0.211016073
336 0.211016073
337 0.211016073
338 0.211016073
339 0.211016073
340 0.211055749
341 0.174409571
342 0.174409571
343 0.174409571
344 0.174301242
345 0.174301242
346 0.217623110
347 0.217623110
348 0.241865977
349 0.241865977
350 0.241865977
351 0.241865977
352 0.241865977
353 0.241865977
354 0.241865977
355 0.241918103
356 0.318575280
357 0.194810830
358 0.194810830
359 0.311892192
360 0.258045977
361 0.241268135
362 0.237767422
363 0.276477833
364 0.263776290
365 0.263776290
366 0.271791768
367 0.280695174
368 0.275730779
369 0.318665720
370 0.320165431
371 0.257365585
372 0.331365314
373 0.320531125
374 0.280099813
375 0.290916159
376 0.290201655
377 0.311589174
378 0.300575713
379 0.279263590
380 0.279263590
381 0.284429241
382 0.262205092
383 0.258075641
384 0.258075641
385 0.258075641
386 0.291709979
387 0.310984901
388 0.296722178
389 0.318530079
390 0.288412127
391 0.287231320
392 0.275561556
393 0.216615206
394 0.284105290
395 0.299333333
396 0.280414689
397 0.280414689
398 0.280414689
399 0.298974564
400 0.301504163
401 0.295667062
402 0.308718372
403 0.308421486
404 0.243677412
405 0.243677412
406 0.243677412
407 0.243677412
408 0.243677412
409 0.243677412
410 0.243677412
411 0.243677412
412 0.243677412
413 0.243677412
414 0.243677412
415 0.243677412
416 0.243677412
417 0.279715923
418 0.295122913
419 0.298855165
420 0.285369264
421 0.285369264
422 0.285369264
423 0.285369264
424 0.285369264
425 0.285369264
426 0.285369264
427 0.285369264
428 0.285369264
429 0.285369264
430 0.285369264
431 0.285369264
432 0.285369264
433 0.295589203
434 0.295589203
435 0.295589203
436 0.295589203
437 0.295589203
438 0.295589203
439 0.295589203
440 0.295589203
441 0.305151556
442 0.305151556
443 0.309058370
444 0.285369264
445 0.285369264
446 0.285369264
447 0.285369264
448 0.285369264
449 0.285369264
450 0.285369264
451 0.285369264
452 0.285369264
453 0.285369264
454 0.285369264
455 0.285369264
456 0.285369264
457 0.295744961
458 0.295744961
459 0.295744961
460 0.295744961
461 0.295744961
462 0.295744961
463 0.295744961
464 0.295744961
465 0.295939889
466 0.293080940
467 0.285805220
468 0.285805220
469 0.285805220
470 0.285805220
471 0.285805220
472 0.285805220
473 0.285805220
474 0.285805220
475 0.285805220
476 0.299333333
477 0.252388983
478 0.243677412
479 0.243677412
480 0.243677412
481 0.243677412
482 0.298616653
483 0.294890319
484 0.294890319
485 0.294890319
486 0.294890319
487 0.294890319
488 0.294890319
489 0.284681714
490 0.284681714
491 0.284681714
492 0.284681714
493 0.284681714
494 0.284681714
495 0.284681714
496 0.284681714
497 0.284681714
498 0.284681714
499 0.284681714
500 0.284681714
501 0.284681714
502 0.284681714
503 0.284681714
504 0.284681714
505 0.284681714
506 0.289341410
507 0.303994584
508 0.286498213
509 0.262972941
510 0.248781028
511 0.248643261
512 0.276307692
513 0.276307692
514 0.276307692
515 0.276307692
516 0.276307692
517 0.276307692
518 0.276307692
519 0.276307692
520 0.276307692
521 0.276307692
522 0.276307692
523 0.276307692
524 0.276307692
525 0.276307692
526 0.276307692
527 0.276307692
528 0.276307692
529 0.276307692
530 0.276307692
531 0.276307692
532 0.276307692
533 0.283746208
534 0.276341704
535 0.289117836
536 0.242545376
537 0.273180823
538 0.273480326
539 0.248395663
540 0.248395663
541 0.271430299
542 0.273180823
543 0.262143858
544 0.262143858
545 0.262143858
546 0.262143858
547 0.262143858
548 0.278087452
549 0.275663065
550 0.233149860
551 0.268316003
552 0.230872069
553 0.243254957
554 0.216531636
555 0.252673044
556 0.281257830
557 0.287010995
558 0.269249220
559 0.273347133
560 0.258372655
561 0.250866019
562 0.253128876
563 0.273713728
564 0.257897760
565 0.280239670
566 0.280169724
567 0.223094505
568 0.249389025
569 0.247737806
570 0.247737806
571 0.247737806
572 0.223072337
573 0.223072337
574 0.238626701
575 0.238626701
576 0.225764280
577 0.217665309
578 0.271956390
579 0.256103126
580 0.256132345
581 0.256132345
582 0.256132345
583 0.256161570
584 0.295278180
585 0.205153980
586 0.203961116
587 0.247683142
588 0.247683142
589 0.235349617
590 0.234685344
591 0.235423658
592 0.306275580
593 0.199325224
594 0.227226721
595 0.227180733
596 0.227180733
597 0.227180733
598 0.199272146
599 0.263714319
600 0.272517601
601 0.299293428
602 0.237868192
603 0.254881926
604 0.251427931
605 0.248093712
606 0.276103800
607 0.251879277
608 0.251879277
609 0.251879277
610 0.267325554
611 0.236216330
612 0.236216330
613 0.236241187
614 0.240544305
615 0.271890517
616 0.262082652
617 0.258849302
618 0.267293725
619 0.282781207
620 0.234489242
621 0.237792607
622 0.300173820
623 0.238956892
624 0.277434503
625 0.249610852
626 0.253043282
627 0.262942141
628 0.237089450
629 0.237089450
630 0.208217399
631 0.214463126
632 0.269604900
633 0.212977896
634 0.212977896
635 0.212977896
636 0.212917299
637 0.212917299
638 0.212393567
639 0.215471734
640 0.222343270
641 0.215451056
642 0.252502531
643 0.252502531
644 0.252502531
645 0.254650635
646 0.236166632
647 0.272716229
648 0.234342380
649 0.234342380
650 0.295511386
651 0.279646238
652 0.182416511
653 0.223538783
654 0.223538783
655 0.223538783
656 0.182743183
657 0.202343398
658 0.210541124
659 0.263528583
660 0.280239670
661 0.283245016
662 0.271397485
663 0.244074799
664 0.233732431
665 0.233732431
666 0.226905195
667 0.221269466
668 0.220877607
669 0.220877607
670 0.220877607
671 0.268219833
672 0.280064870
673 0.263807286
674 0.250000000
675 0.237239776
676 0.253128876
677 0.244101337
678 0.264584561
679 0.285768839
680 0.259717723
681 0.263714319
682 0.210462173
683 0.222387320
684 0.210462173
685 0.222453428
686 0.222453428
687 0.222453428
688 0.225378978
689 0.212957693
690 0.232017363
691 0.209284982
692 0.173078406
693 0.230091217
694 0.243149572
695 0.223338639
696 0.226059813
697 0.228080870
698 0.222431388
699 0.275189998
700 0.312065610
701 0.329323749
702 0.244313854
703 0.244313854
704 0.263714319
705 0.244313854
706 0.244313854
707 0.244313854
708 0.263714319
709 0.244313854
710 0.244313854
711 0.258224063
712 0.235868880
713 0.235868880
714 0.190885129
715 0.190885129
716 0.224118998
717 0.244127882
718 0.244101337
719 0.235745038
720 0.236964323
721 0.254910866
722 0.292851552
723 0.226538850
724 0.226515992
725 0.265680473
726 0.226150902
727 0.226538850
728 0.226538850
729 0.226538850
730 0.226538850
731 0.226538850
732 0.226538850
733 0.223005861
734 0.223005861
735 0.184834513
736 0.224544909
737 0.227849386
738 0.197832217
739 0.210600375
740 0.220638821
741 0.185613890
742 0.185598545
743 0.176646471
744 0.176646471
745 0.213972551
746 0.176646471
747 0.246108310
748 0.246108310
749 0.246108310
750 0.269766883
751 0.270026461
752 0.246567820
753 0.212695405
754 0.212695405
755 0.212695405
756 0.312456507
757 0.306150280
758 0.259327712
759 0.257986670
760 0.198198994
761 0.208546215
762 0.197867090
763 0.198146514
764 0.198129027
765 0.198129027
766 0.200948801
767 0.200948801
768 0.207947388
769 0.207947388
770 0.207947388
771 0.259777829
772 0.262113252
773 0.260048651
774 0.259687681
775 0.259687681
776 0.207371144
777 0.214463126
778 0.207409460
779 0.207371144
780 0.176674274
781 0.176604783
782 0.171806842
783 0.171806842
784 0.206474754
785 0.161116693
786 0.192044482
787 0.192011632
788 0.237566138
789 0.192011632
790 0.271135266
791 0.300535475
792 0.219323955
793 0.239287998
794 0.251146661
795 0.200751140
796 0.283352266
797 0.256132345
798 0.210936766
799 0.290727791
800 0.229292207
801 0.229973366
802 0.203961116
803 0.203942587
804 0.203942587
805 0.196964380
806 0.186989838
807 0.189196022
808 0.205135234
809 0.225265904
810 0.225265904
811 0.317763623
812 0.260471052
813 0.263034564
814 0.229738027
815 0.225673502
816 0.225968797
817 0.225650819
818 0.225311120
819 0.225311120
820 0.183895806
821 0.254218095
822 0.264678142
823 0.276750493
824 0.209324009
825 0.209324009
826 0.253100338
827 0.230563829
828 0.230967078
829 0.248588196
830 0.265523359
831 0.310640653
832 0.248395663
833 0.248395663
834 0.252758388
835 0.252929247
836 0.253758336
837 0.239058673
838 0.238829787
839 0.263838289
840 0.236714466
841 0.232907978
842 0.209051122
843 0.208973285
844 0.242886509
845 0.242571583
846 0.269766883
847 0.250362440
848 0.212574567
849 0.209109538
850 0.188054951
851 0.221073363
852 0.195404300
853 0.209773874
854 0.164517075
855 0.237214708
856 0.194153766
857 0.187834672
858 0.231062166
859 0.227111786
860 0.240441255
861 0.200769093
862 0.273280584
863 0.257336084
864 0.226721874
865 0.291937581
866 0.237264849
867 0.243175910
868 0.280099813
869 0.225062657
870 0.235398972
871 0.158176566
872 0.158165422
873 0.158165422
874 0.158154280
875 0.230943319
876 0.230943319
877 0.230943319
878 0.267771947
879 0.280379668
880 0.219131284
881 0.236390439
882 0.231014612
883 0.268091712
884 0.232835511
885 0.232835511
886 0.233562214
887 0.234538237
888 0.316553864
889 0.321035321
890 0.320805945
891 0.269929061
892 0.284141248
893 0.261289572
894 0.279194130
895 0.232932144
896 0.270481928
897 0.276716381
898 0.187724726
899 0.187724726
900 0.231062166
901 0.187709030
902 0.278570542
903 0.284429241
904 0.300978683
905 0.313372418
906 0.315176190
907 0.279298333
908 0.293655984
909 0.231395589
910 0.231395589
911 0.241190374
912 0.241190374
913 0.259178019
914 0.241268135
915 0.264491046
916 0.258849302
917 0.258849302
918 0.237868192
919 0.283423810
920 0.291407061
921 0.245408833
922 0.263435813
923 0.231491029
924 0.245114095
925 0.231467162
926 0.213829889
927 0.213829889
928 0.189259821
929 0.189259821
930 0.198409191
931 0.197623239
932 0.176729906
933 0.176785574
934 0.176785574
935 0.176785574
936 0.176785574
937 0.176785574
938 0.176785574
939 0.176785574
940 0.176785574
941 0.176785574
942 0.176785574
943 0.176785574
944 0.176785574
945 0.176785574
946 0.189259821
947 0.176785574
948 0.189259821
949 0.189259821
950 0.189259821
951 0.176785574
952 0.176785574
953 0.176771654
954 0.176785574
955 0.176785574
956 0.176785574
957 0.176785574
958 0.176785574
959 0.176771654
960 0.176771654
961 0.176771654
962 0.176785574
963 0.176785574
964 0.176785574
965 0.176785574
966 0.176785574
967 0.176785574
968 0.176785574
969 0.176785574
970 0.176785574
971 0.176785574
972 0.239058673
973 0.223694699
974 0.216135554
975 0.206133505
976 0.179758187
977 0.196430134
978 0.196430134
979 0.196447322
980 0.244367040
981 0.196412948
982 0.240415507
983 0.251625196
984 0.204947964
985 0.222674073
986 0.250866019
987 0.215141351
988 0.205004109
989 0.170140205
990 0.221334911
991 0.213545135
992 0.241423809
993 0.218172983
994 0.228568520
995 0.265053129
996 0.231109739
997 0.260864513
998 0.260682768
999 0.248781028
1000 0.240931530
1001 0.237541001
1002 0.281293071
1003 0.195438322
1004 0.235226320
1005 0.190464071
1006 0.172878485
1007 0.208992739
1008 0.213931771
1009 0.235324948
1010 0.192159548
1011 0.192159548
1012 0.182817590
1013 0.197449428
1014 0.214894228
1015 0.164903776
1016 0.240570081
1017 0.281504702
1018 0.241449774
1019 0.173748162
1020 0.173748162
1021 0.210245364
1022 0.173734716
1023 0.121495833
1024 0.108338963
1025 0.138264458
1026 0.121489258
1027 0.160368598
1028 0.160299893
1029 0.160299893
1030 0.190836450
1031 0.138170852
1032 0.160322788
1033 0.160265563
1034 0.163213377
1035 0.140321270
1036 0.194996960
1037 0.210541124
1038 0.194405958
1039 0.194405958
1040 0.243044278
1041 0.255753019
1042 0.255753019
1043 0.255753019
1044 0.255753019
1045 0.255753019
1046 0.243044278
1047 0.243044278
1048 0.300254113
1049 0.297075559
1050 0.255665642
1051 0.261167985
1052 0.252474134
1053 0.297784852
1054 0.277092076
1055 0.247519294
1056 0.242492979
1057 0.242624014
1058 0.239952971
1059 0.239952971
1060 0.239952971
1061 0.239952971
1062 0.288931789
1063 0.286534780
1064 0.244260690
1065 0.234269018
1066 0.281787373
1067 0.234269018
1068 0.234269018
1069 0.234244574
1070 0.234195702
1071 0.307998354
1072 0.269313820
1073 0.269346131
1074 0.264803020
1075 0.264803020
1076 0.264803020
1077 0.264803020
1078 0.264803020
1079 0.264803020
1080 0.264803020
1081 0.264803020
1082 0.264865503
1083 0.265335067
1084 0.270873552
1085 0.287709855
1086 0.288894608
1087 0.299533022
1088 0.274584149
1089 0.274584149
1090 0.286791007
1091 0.209754275
1092 0.209754275
1093 0.245247979
1094 0.279124705
1095 0.285768839
1096 0.248698349
1097 0.261685511
1098 0.261685511
1099 0.261655012
1100 0.248203427
1101 0.260834205
1102 0.244820065
1103 0.277365950
1104 0.277365950
1105 0.277365950
1106 0.283316507
1107 0.265617605
1108 0.252729934
1109 0.253844414
1110 0.253643656
1111 0.253643656
1112 0.243070593
1113 0.241813873
1114 0.241813873
1115 0.241813873
1116 0.274516997
1117 0.270416767
1118 0.241060883
1119 0.296604571
1120 0.288338043
1121 0.275392542
1122 0.304861488
1123 0.285188008
1124 0.285188008
1125 0.275392542
1126 0.284177215
1127 0.274449878
1128 0.274516997
1129 0.274516997
1130 0.274516997
1131 0.274516997
1132 0.274516997
1133 0.274516997
1134 0.274516997
1135 0.284321175
1136 0.284321175
1137 0.283997470
1138 0.257277103
1139 0.267963714
1140 0.267963714
1141 0.267963714
1142 0.268091712
1143 0.259118190
1144 0.259088286
1145 0.205812248
1146 0.216657016
1147 0.216657016
1148 0.216657016
1149 0.255374815
1150 0.255374815
1151 0.255374815
1152 0.255374815
1153 0.255374815
1154 0.255374815
1155 0.255374815
1156 0.255374815
1157 0.255374815
1158 0.252616181
1159 0.252616181
1160 0.252616181
1161 0.237114491
1162 0.237114491
1163 0.237114491
1164 0.237114491
1165 0.237114491
1166 0.272121212
1167 0.286644535
1168 0.266785502
1169 0.316152655
1170 0.277297431
1171 0.242492979
1172 0.292622523
1173 0.231276398
1174 0.255811304
1175 0.261716018
1176 0.240983255
1177 0.260955481
1178 0.287415184
1179 0.263497653
1180 0.257277103
1181 0.261685511
1182 0.261685511
1183 0.261685511
1184 0.261685511
1185 0.300455032
1186 0.293004437
1187 0.271069790
1188 0.265178361
1189 0.270351638
1190 0.247165034
1191 0.247165034
1192 0.247165034
1193 0.247165034
1194 0.247165034
1195 0.256600754
1196 0.293042684
1197 0.255549232
1198 0.255607423
1199 0.268604929
1200 0.255549232
1201 0.255549232
1202 0.255607423
1203 0.203628118
1204 0.203628118
1205 0.287525615
1206 0.287525615
1207 0.287525615
1208 0.287525615
1209 0.287525615
1210 0.287525615
1211 0.287525615
1212 0.287304837
1213 0.287304837
1214 0.287304837
1215 0.287304837
1216 0.287304837
1217 0.287304837
1218 0.287304837
1219 0.287304837
1220 0.287304837
1221 0.287304837
1222 0.287304837
1223 0.287304837
1224 0.287304837
1225 0.298815387
1226 0.223583308
1227 0.223583308
1228 0.223583308
1229 0.223583308
1230 0.223583308
1231 0.223583308
1232 0.242309768
1233 0.200249755
1234 0.252388983
1235 0.201598420
1236 0.201598420
1237 0.167800284
1238 0.237164589
1239 0.201562219
1240 0.202015657
1241 0.202015657
1242 0.230777138
1243 0.230729702
1244 0.250278707
1245 0.283602830
1246 0.200267618
1247 0.251596997
1248 0.206969669
1249 0.233392245
1250 0.172294705
1251 0.172281483
1252 0.208101594
1253 0.172281483
1254 0.190917595
1255 0.172281483
1256 0.202270475
1257 0.309911651
1258 0.295939889
1259 0.309228650
1260 0.300294275
1261 0.282603223
1262 0.288338043
1263 0.291634191
1264 0.286717752
1265 0.279611409
1266 0.257454128
1267 0.281504702
1268 0.294233290
1269 0.280765383
1270 0.265743371
1271 0.258194365
1272 0.257395093
1273 0.257395093
1274 0.257395093
1275 0.309356483
1276 0.277949734
1277 0.279855398
1278 0.285914417
1279 0.274550569
1280 0.278225307
1281 0.252247191
1282 0.284321175
1283 0.241944175
1284 0.300374632
1285 0.255578324
1286 0.255461994
1287 0.255461994
1288 0.264055516
1289 0.248725903
1290 0.271168015
1291 0.236390439
1292 0.261228764
1293 0.284537389
1294 0.241397849
1295 0.261899207
1296 0.269443111
1297 0.287746732
1298 0.261868657
1299 0.265995261
1300 0.266722110
1301 0.260773609
1302 0.258879151
1303 0.258879151
1304 0.263528583
1305 0.263528583
1306 0.253901832
1307 0.253901832
1308 0.253901832
1309 0.265460565
1310 0.253901832
1311 0.248175989
1312 0.247984094
1313 0.250418293
1314 0.303706710
1315 0.245919597
1316 0.245919597
1317 0.269120115
1318 0.258789625
1319 0.258789625
1320 0.274181729
1321 0.281187375
1322 0.269184652
1323 0.274752172
1324 0.274752172
1325 0.251034329
1326 0.214914800
1327 0.207754951
1328 0.211234475
1329 0.176910954
1330 0.237591280
1331 0.254160534
1332 0.217181000
1333 0.280309652
1334 0.276001967
1335 0.222541634
1336 0.303994584
1337 0.268155757
1338 0.252247191
1339 0.243202253
1340 0.252247191
1341 0.252247191
1342 0.252247191
1343 0.256688772
1344 0.256688772
1345 0.256688772
1346 0.256659426
1347 0.238778983
1348 0.238778983
1349 0.256630087
1350 0.256630087
1351 0.256630087
1352 0.253873120
1353 0.196121254
1354 0.243942193
1355 0.236315789
1356 0.245811891
1357 0.245811891
1358 0.237064414
1359 0.237089450
1360 0.223449786
1361 0.220964567
1362 0.220964567
1363 0.220964567
1364 0.253214527
1365 0.224500000
1366 0.217940006
1367 0.217940006
1368 0.225991544
1369 0.206607767
1370 0.204723691
1371 0.246649088
1372 0.255898780
1373 0.214709258
1374 0.197901975
1375 0.165219311
1376 0.212212875
1377 0.253700983
1378 0.249084655
1379 0.249084655
1380 0.263869299
1381 0.274853085
1382 0.248753463
1383 0.248753463
1384 0.248753463
1385 0.253700983
1386 0.248753463
1387 0.248753463
1388 0.249057022
1389 0.247956704
1390 0.247956704
1391 0.247956704
1392 0.243175910
1393 0.243175910
1394 0.243175910
1395 0.243175910
1396 0.243175910
1397 0.243175910
1398 0.243175910
1399 0.199502355
1400 0.199591038
1401 0.199591038
1402 0.199591038
1403 0.199591038
1404 0.199591038
1405 0.199573295
1406 0.199573295
1407 0.199573295
1408 0.199573295
1409 0.199573295
1410 0.236664558
1411 0.191389599
1412 0.221531478
1413 0.231682147
1414 0.231682147
1415 0.231682147
1416 0.231682147
1417 0.235968047
1418 0.274886739
1419 0.245623632
1420 0.198690150
1421 0.285732468
1422 0.248946551
1423 0.248946551
1424 0.295706006
1425 0.271890517
1426 0.271824676
1427 0.271824676
1428 0.271824676
1429 0.271824676
1430 0.271824676
1431 0.277915326
1432 0.268316003
1433 0.268316003
1434 0.265241021
1435 0.265241021
1436 0.265241021
1437 0.265241021
1438 0.299253532
1439 0.298815387
1440 0.300535475
1441 0.274148248
1442 0.250111408
1443 0.250111408
1444 0.250111408
1445 0.257424607
1446 0.268733541
1447 0.284321175
1448 0.273447016
1449 0.292089513
1450 0.264553382
1451 0.264553382
1452 0.264553382
1453 0.274416331
1454 0.274349261
1455 0.274349261
1456 0.274349261
1457 0.274349261
1458 0.274349261
1459 0.281257830
1460 0.278916636
1461 0.293579181
1462 0.296682966
1463 0.269604900
1464 0.269604900
1465 0.269604900
1466 0.298022036
1467 0.283531195
1468 0.231109739
1469 0.241216289
1470 0.265366430
1471 0.209304494
1472 0.209304494
1473 0.209304494
1474 0.246594903
1475 0.229409360
1476 0.249916509
1477 0.268219833
1478 0.264148723
1479 0.258998616
1480 0.208973285
1481 0.243281318
1482 0.216698842
1483 0.200035641
1484 0.166703794
1485 0.166703794
1486 0.194827736
1487 0.239033220
1488 0.285224241
1489 0.271037064
1490 0.267452943
1491 0.271037064
1492 0.271037064
1493 0.271037064
1494 0.264428740
1495 0.241086770
1496 0.261777052
1497 0.239466667
1498 0.239466667
1499 0.241086770
1500 0.239466667
1501 0.267421084
1502 0.250278707
1503 0.239441126
1504 0.234832636
1505 0.250278707
1506 0.250278707
1507 0.250278707
1508 0.239441126
1509 0.239441126
1510 0.239441126
1511 0.239441126
1512 0.239441126
1513 0.239441126
1514 0.239441126
1515 0.239441126
1516 0.239441126
1517 0.239441126
1518 0.239441126
1519 0.218342735
1520 0.288042084
1521 0.294812869
1522 0.227733820
1523 0.227733820
1524 0.268572796
1525 0.227710721
1526 0.227710721
1527 0.211732529
1528 0.209480265
1529 0.173211944
1530 0.202947026
1531 0.208584967
1532 0.207447792
1533 0.173211944
1534 0.206817135
1535 0.211572896
1536 0.206798084
1537 0.235794559
1538 0.190820229
1539 0.190820229
1540 0.297075559
1541 0.229081633
1542 0.229081633
1543 0.243175910
1544 0.276580017
1545 0.273613650
1546 0.273613650
1547 0.224567370
1548 0.229081633
1549 0.229081633
1550 0.188861782
1551 0.232811366
1552 0.188909458
1553 0.188877671
1554 0.188893563
1555 0.188893563
1556 0.271102524
1557 0.190189766
1558 0.208275350
1559 0.208294674
1560 0.208294674
1561 0.253157420
1562 0.251766289
1563 0.279437391
1564 0.244446864
1565 0.244340444
1566 0.201146851
1567 0.201146851
1568 0.201146851
1569 0.181253028
1570 0.181267662
1571 0.181253028
1572 0.222961565
1573 0.278778095
1574 0.243492408
1575 0.225968797
1576 0.231252575
1577 0.250613976
1578 0.256688772
1579 0.231252575
1580 0.231252575
1581 0.231252575
1582 0.262143858
1583 0.231300227
1584 0.272981518
1585 0.272981518
1586 0.239773577
1587 0.226744773
1588 0.226767677
1589 0.226744773
1590 0.226721874
1591 0.226721874
1592 0.226721874
1593 0.226721874
1594 0.226721874
1595 0.275493926
1596 0.231252575
1597 0.231228757
1598 0.231228757
1599 0.251540616
1600 0.251540616
1601 0.275156269
1602 0.227572225
1603 0.227572225
1604 0.242335924
1605 0.243466002
1606 0.241345947
1607 0.241371895
1608 0.241371895
1609 0.268572796
1610 0.268604929
1611 0.268604929
1612 0.268604929
1613 0.268604929
1614 0.233246753
1615 0.214586121
1616 0.261990897
1617 0.222828784
1618 0.180524284
1619 0.218810916
1620 0.180582368
1621 0.220205983
1622 0.220184386
1623 0.180524284
1624 0.180524284
1625 0.180524284
1626 0.180524284
1627 0.218661732
1628 0.180495256
1629 0.182490652
1630 0.286352041
1631 0.232594281
1632 0.255782158
1633 0.288449184
1634 0.243492408
1635 0.256659426
1636 0.250167150
1637 0.238348020
1638 0.238829787
1639 0.238855197
1640 0.248258321
1641 0.233756768
1642 0.250922097
1643 0.248891353
1644 0.236764396
1645 0.236764396
1646 0.236789368
1647 0.304695983
1648 0.297114876
1649 0.286352041
1650 0.248533156
1651 0.248478141
1652 0.248478141
1653 0.225718882
1654 0.231395589
1655 0.198919015
1656 0.257779309
1657 0.204966676
1658 0.254564010
1659 0.205004109
1660 0.170140205
1661 0.285696106
1662 0.264865503
1663 0.266184491
1664 0.235522451
1665 0.255694761
1666 0.293464052
1667 0.236714466
1668 0.236714466
1669 0.236714466
1670 0.241268135
1671 0.280905906
1672 0.280941059
1673 0.264834257
1674 0.226928131
1675 0.226974017
1676 0.247765147
1677 0.247765147
1678 0.247765147
1679 0.247765147
1680 0.255636529
1681 0.255636529
1682 0.255636529
1683 0.255636529
1684 0.255636529
1685 0.255636529
1686 0.255636529
1687 0.255636529
1688 0.255636529
1689 0.256103126
1690 0.250334523
1691 0.234636288
1692 0.267293725
1693 0.235720286
1694 0.237289927
1695 0.237289927
1696 0.235275624
1697 0.233319476
1698 0.233367983
1699 0.233319476
1700 0.233319476
1701 0.231395589
1702 0.218576575
1703 0.190480231
1704 0.172017470
1705 0.194439633
1706 0.207716506
1707 0.194439633
1708 0.243017969
1709 0.244021739
1710 0.196206957
1711 0.196206957
1712 0.204742362
1713 0.200948801
1714 0.200643489
1715 0.200625559
1716 0.169972744
1717 0.169972744
1718 0.229691017
1719 0.199537819
1720 0.224320544
1721 0.236989338
1722 0.190804012
1723 0.190804012
1724 0.190804012
1725 0.199095424
1726 0.199095424
1727 0.179830183
1728 0.219216873
1729 0.212313221
1730 0.211972429
1731 0.174966877
1732 0.174966877
1733 0.174966877
1734 0.174966877
1735 0.174966877
1736 0.184849732
1737 0.184849732
1738 0.184834513
1739 0.184834513
1740 0.172998382
1741 0.147493594
1742 0.147503285
1743 0.147503285
1744 0.162858179
1745 0.162858179
1746 0.140067382
1747 0.194473319
1748 0.164794832
1749 0.180060956
1750 0.193684755
1751 0.193684755
1752 0.196224106
1753 0.193718181
1754 0.194490167
1755 0.193684755
1756 0.162304800
1757 0.162304800
1758 0.132495279
1759 0.132495279
1760 0.152710700
1761 0.132503099
1762 0.132503099
1763 0.132503099
1764 0.176175155
1765 0.211513096
1766 0.152949993
1767 0.153326048
1768 0.210107628
1769 0.209206970
1770 0.209187477
1771 0.174613051
1772 0.174613051
1773 0.134398946
1774 0.137772323
1775 0.121102600
1776 0.134398946
1777 0.118482162
1778 0.128572247
1779 0.128572247
1780 0.143477983
1781 0.197293260
1782 0.165536057
1783 0.244367040
1784 0.267357390
1785 0.267357390
1786 0.255345769
1787 0.255316729
1788 0.255374815
1789 0.238069989
1790 0.261960327
1791 0.260864513
1792 0.260864513
1793 0.260864513
1794 0.260864513
1795 0.237089450
1796 0.227088812
1797 0.208063021
1798 0.212052517
1799 0.207601258
1800 0.240595863
1801 0.213565449
1802 0.213443620
1803 0.191781992
1804 0.191880342
1805 0.191847547
1806 0.191847547
1807 0.214976539
1808 0.214976539
1809 0.227019921
1810 0.185032556
1811 0.203425154
1812 0.220465482
1813 0.180655025
1814 0.195149513
1815 0.195149513
1816 0.161012695
1817 0.161012695
1818 0.200894855
1819 0.188449593
1820 0.175021439
1821 0.175021439
1822 0.175021439
1823 0.158601201
1824 0.158589997
1825 0.158589997
1826 0.187913284
1827 0.231371741
1828 0.187913284
1829 0.187913284
1830 0.231300227
1831 0.238069989
1832 0.215886143
1833 0.215886143
1834 0.215886143
1835 0.215886143
1836 0.215886143
1837 0.213809524
1838 0.213809524
1839 0.188102220
1840 0.188102220
1841 0.188102220
1842 0.188102220
1843 0.188102220
1844 0.188102220
1845 0.188102220
1846 0.188102220
1847 0.192225362
1848 0.192241822
1849 0.192241822
1850 0.206247129
1851 0.187740425
1852 0.187709030
1853 0.161290323
1854 0.187709030
1855 0.158076327
1856 0.224051896
1857 0.215389043
1858 0.214914800
1859 0.194389125
1860 0.222983711
1861 0.183056099
1862 0.207716506
1863 0.172004291
1864 0.207716506
1865 0.198919015
1866 0.198901391
1867 0.200231894
1868 0.200231894
1869 0.200231894
1870 0.191031314
1871 0.213362479
1872 0.221291276
1873 0.218088207
1874 0.201309182
1875 0.179069953
1876 0.179069953
1877 0.223984835
1878 0.219003024
1879 0.200374866
1880 0.200392752
1881 0.203185809
1882 0.217454475
1883 0.209578043
1884 0.188687174
1885 0.188671317
1886 0.181223765
1887 0.240673242
1888 0.204090909
1889 0.214463126
1890 0.210639895
1891 0.195608609
1892 0.233174076
1893 0.200089127
1894 0.175857747
1895 0.194726342
1896 0.194726342
1897 0.188244172
1898 0.226698980
1899 0.211952417
1900 0.215285769
1901 0.206417801
1902 0.203665064
1903 0.211075592
1904 0.211115291
1905 0.212413663
1906 0.186090849
1907 0.177204199
1908 0.198321555
1909 0.189852008
1910 0.214976539
1911 0.192192449
1912 0.191422237
1913 0.212253002
1914 0.213382758
1915 0.177316168
1916 0.161232404
1917 0.161232404
1918 0.182150101
1919 0.176147509
1920 0.150388532
1921 0.176994639
1922 0.176980686
1923 0.213667079
1924 0.192720405
1925 0.161592169
1926 0.201399480
1927 0.211852411
1928 0.233756768
1929 0.233756768
1930 0.196309899
1931 0.229221973
1932 0.229221973
1933 0.166951736
1934 0.152337654
1935 0.152337654
1936 0.179686249
1937 0.152710700
1938 0.153137790
1939 0.179686249
1940 0.132487459
1941 0.178685132
1942 0.178685132
1943 0.157367167
1944 0.186709914
1945 0.186694387
1946 0.157378198
1947 0.157389232
1948 0.157389232
1949 0.157378198
1950 0.157345108
1951 0.186632305
1952 0.157367167
1953 0.174247128
1954 0.174247128
1955 0.174247128
1956 0.174247128
1957 0.174355390
1958 0.148478836
1959 0.244180988
1960 0.196275573
1961 0.196275573
1962 0.196275573
1963 0.207620457
1964 0.196292734
1965 0.196292734
1966 0.198866153
1967 0.200518042
1968 0.204369595
1969 0.211772474
1970 0.230563829
1971 0.209460720
1972 0.245973485
1973 0.211333898
1974 0.196292734
1975 0.219045761
1976 0.196447322
1977 0.196464514
1978 0.196447322
1979 0.196447322
1980 0.196550517
1981 0.196447322
1982 0.196447322
1983 0.196292734
1984 0.197016235
1985 0.207179771
1986 0.198514458
1987 0.196292734
1988 0.211632730
1989 0.196292734
1990 0.197171966
1991 0.197171966
1992 0.212554440
1993 0.196430134
1994 0.213058745
1995 0.196309899
1996 0.196344236
1997 0.196292734
1998 0.216615206
1999 0.196550517
2000 0.196292734
2001 0.196292734
2002 0.236514960
2003 0.211612782
2004 0.196327066
2005 0.235275624
2006 0.246838922
2007 0.169767090
2008 0.171164989
2009 0.171164989
2010 0.171164989
2011 0.171164989
2012 0.202452881
2013 0.202471140
2014 0.168391839
2015 0.211612782
2016 0.259327712
2017 0.263157895
2018 0.232065330
2019 0.188386339
2020 0.188386339
2021 0.188386339
2022 0.195506401
2023 0.209911173
2024 0.224837256
2025 0.209891548
2026 0.209891548
2027 0.209891548
2028 0.209891548
2029 0.209911173
2030 0.209950435
2031 0.234440267
2032 0.183610043
2033 0.183595028
2034 0.183595028
2035 0.188877671
2036 0.188909458
2037 0.208372007
2038 0.220986318
2039 0.221553341
2040 0.146972177
2041 0.146972177
2042 0.172268263
2043 0.146962556
2044 0.172136175
2045 0.172096589
2046 0.172096589
2047 0.172162577
2048 0.172162577
2049 0.172162577
2050 0.171964764
2051 0.128307710
2052 0.128307710
2053 0.128307710
2054 0.128322378
2055 0.147155218
2056 0.128300377
2057 0.128300377
2058 0.128285714
2059 0.146741617
2060 0.164758550
2061 0.141461878
2062 0.164300351
2063 0.164300351
2064 0.164300351
2065 0.213220629
2066 0.175761372
2067 0.158926802
2068 0.137141112
2069 0.194523871
2070 0.200339104
2071 0.166951736
2072 0.166939322
2073 0.166939322
2074 0.237490744
2075 0.235448348
2076 0.221356734
2077 0.218661732
2078 0.219195470
2079 0.219581377
2080 0.226744773
2081 0.220877607
2082 0.180931657
2083 0.143615660
2084 0.125587380
2085 0.167624879
2086 0.143606473
2087 0.143597288
2088 0.143597288
2089 0.201164875
2090 0.167562323
2091 0.184409397
2092 0.184409397
2093 0.198321555
2094 0.201038775
2095 0.179384738
2096 0.177709174
2097 0.177709174
2098 0.177709174
2099 0.177709174
2100 0.177695108
2101 0.177695108
2102 0.177695108
2103 0.177737313
2104 0.177737313
2105 0.177737313
2106 0.177737313
2107 0.179027113
2108 0.179027113
2109 0.179027113
2110 0.150934517
2111 0.177624812
2112 0.177624812
2113 0.177624812
2114 0.165890785
2115 0.204574449
2116 0.176175155
2117 0.176175155
2118 0.202818683
2119 0.195251348
2120 0.176161331
2121 0.172851863
2122 0.232497929
2123 0.230398194
2124 0.188655462
2125 0.163761033
2126 0.163856653
2127 0.163832737
2128 0.163832737
2129 0.176285826
2130 0.176299670
2131 0.176299670
2132 0.176299670
2133 0.170748403
2134 0.202142986
2135 0.149906517
2136 0.236789368
2137 0.232642487
2138 0.200178333
2139 0.192604667
2140 0.192604667
2141 0.200160485
2142 0.156653409
2143 0.156653409
2144 0.185721377
2145 0.156653409
2146 0.156653409
2147 0.156653409
2148 0.156653409
2149 0.166802883
2150 0.166802883
2151 0.166827673
2152 0.166815277
2153 0.142984523
2154 0.211493170
2155 0.211493170
2156 0.211493170
2157 0.211493170
2158 0.193085061
2159 0.193085061
2160 0.193085061
2161 0.193085061
2162 0.193085061
2163 0.193085061
2164 0.193085061
2165 0.193085061
2166 0.193085061
2167 0.199289836
2168 0.199113082
2169 0.166185506
2170 0.166222420
2171 0.166247038
2172 0.142566838
2173 0.142566838
2174 0.199024823
2175 0.198971905
2176 0.165964368
2177 0.166013459
2178 0.166013459
2179 0.166013459
2180 0.166013459
2181 0.093347193
2182 0.093347193
2183 0.093347193
2184 0.102934434
2185 0.102934434
2186 0.093347193
2187 0.114687101
2188 0.129156599
2189 0.129156599
2190 0.129156599
2191 0.136990481
2192 0.136931991
2193 0.144773328
2194 0.129245826
2195 0.129387355
2196 0.129216070
2197 0.129156599
2198 0.129134311
2199 0.114435722
2200 0.142793538
2201 0.124958254
2202 0.126671557
2203 0.126700152
2204 0.125034809
2205 0.126664410
2206 0.114651959
2207 0.114669527
2208 0.112486221
2209 0.114599285
2210 0.114605136
2211 0.114599285
2212 0.119186664
2213 0.119186664
2214 0.119180337
2215 0.119180337
2216 0.119180337
2217 0.119180337
2218 0.119180337
2219 0.135232817
2220 0.119180337
2221 0.106504104
2222 0.135159542
2223 0.156163050
2224 0.184712852
2225 0.184530659
2226 0.152430744
2227 0.132276691
2228 0.152430744
2229 0.179772582
2230 0.132276691
2231 0.179715018
2232 0.218960304
2233 0.218832245
2234 0.216281310
2235 0.216281310
2236 0.216281310
2237 0.216281310
2238 0.216281310
2239 0.216281310
2240 0.216281310
2241 0.216281310
2242 0.216281310
2243 0.216281310
2244 0.216281310
2245 0.216281310
2246 0.800000000
2247 0.800000000
2248 1.000000000
2249 0.800000000
2250 0.571428571
2251 0.625000000
2252 0.833333333
2253 0.625000000
2254 0.625000000
2255 0.625000000
2256 0.833333333
2257 1.000000000
2258 1.000000000
2259 1.000000000
2260 1.000000000
2261 1.000000000
2262 1.000000000
2263 1.000000000
2264 1.000000000
2265 1.000000000
2266 1.000000000
2267 1.000000000
2268 1.000000000
2269 1.000000000
2270 1.000000000
2271 1.000000000
2272 1.000000000
2273 1.000000000
2274 1.000000000
2278 1.000000000
2279 1.000000000
2281 1.000000000
2282 1.000000000
2283 1.000000000
2284 1.000000000
2285 1.000000000
2286 1.000000000
2287 1.000000000
2288 1.000000000
2289 1.000000000
2290 1.000000000
2291 1.000000000
2292 1.000000000
2293 1.000000000
2294 1.000000000
2295 1.000000000
2296 1.000000000
2297 1.000000000
2298 1.000000000
2299 1.000000000
2300 1.000000000
2301 1.000000000
2302 1.000000000
2303 1.000000000
2304 1.000000000
2305 1.000000000
2306 1.000000000
2307 1.000000000
2308 1.000000000
2309 1.000000000
2310 1.000000000
2311 1.000000000
2312 1.000000000
2313 1.000000000
2314 1.000000000
2315 1.000000000
2316 1.000000000
2317 1.000000000
2318 1.000000000
2319 1.000000000
2320 1.000000000
2321 1.000000000
2322 1.000000000
2323 1.000000000
2324 1.000000000
2325 1.000000000
2326 1.000000000
2327 1.000000000
2328 1.000000000
2329 1.000000000
2330 1.000000000
2331 1.000000000
2332 1.000000000
2333 1.000000000
2334 1.000000000
2335 1.000000000
2336 1.000000000
2337 1.000000000
2338 1.000000000
2339 1.000000000
2340 1.000000000
2341 1.000000000
2343 1.000000000
2344 1.000000000
2345 1.000000000
2346 1.000000000
2347 1.000000000
2349 1.000000000
2350 1.000000000
2351 1.000000000
2353 1.000000000
2354 1.000000000
2355 1.000000000
2356 1.000000000
2357 1.000000000
2358 1.000000000
2359 1.000000000
2360 1.000000000
2361 1.000000000
2362 1.000000000
2364 1.000000000
2365 0.666666667
2366 0.666666667
2367 1.000000000
2368 1.000000000
2369 1.000000000
2370 1.000000000
2371 1.000000000
2372 1.000000000
2373 1.000000000
2374 1.000000000
2375 1.000000000
2376 1.000000000
2378 1.000000000
2379 0.666666667
2380 0.666666667
2381 1.000000000
2382 1.000000000
2383 1.000000000
2384 1.000000000
2385 1.000000000
2386 1.000000000
2387 1.000000000
2388 1.000000000
2389 1.000000000
2391 1.000000000
2392 1.000000000
2393 1.000000000
2396 1.000000000
2397 1.000000000
2398 1.000000000
2400 1.000000000
2401 1.000000000
2402 1.000000000
2403 1.000000000
2405 1.000000000
2406 1.000000000
2407 1.000000000
2408 1.000000000
2409 1.000000000
2410 1.000000000
2411 1.000000000
2412 1.000000000
2413 0.777777778
2414 0.875000000
2415 0.875000000
2416 1.000000000
2417 1.000000000
2418 1.000000000
2419 1.000000000
2420 1.000000000
2421 1.000000000
2422 1.000000000
2423 1.000000000
2424 1.000000000
2425 0.666666667
2426 1.000000000
2427 0.666666667
2429 1.000000000
2430 1.000000000
2431 0.750000000
2432 0.750000000
2433 0.666666667
2434 1.000000000
2435 0.666666667
2436 1.000000000
2437 1.000000000
2438 1.000000000
2439 1.000000000
2440 1.000000000
2441 1.000000000
2442 1.000000000
2443 1.000000000
2444 1.000000000
2445 1.000000000
2446 1.000000000
2447 1.000000000
2448 1.000000000
2449 1.000000000
2450 1.000000000
2451 1.000000000
2452 1.000000000
2455 1.000000000
2456 1.000000000
2457 0.666666667
2458 1.000000000
2459 0.666666667
2460 1.000000000
2461 1.000000000
2462 1.000000000
2463 1.000000000
2464 1.000000000
2465 1.000000000
2466 1.000000000
2467 1.000000000
2468 1.000000000
2470 1.000000000
2471 1.000000000
2472 1.000000000
2473 1.000000000
2474 0.750000000
2475 0.750000000
2476 0.750000000
2477 0.750000000
2478 1.000000000
2479 0.600000000
2480 0.600000000
2481 1.000000000
2482 1.000000000
2483 1.000000000
2484 1.000000000
2485 1.000000000
2486 1.000000000
2487 1.000000000
2488 1.000000000
2489 0.600000000
2490 0.600000000
2491 0.600000000
2493 0.500000000
2494 0.833333333
2495 0.500000000
2496 0.833333333
2497 0.714285714
2498 0.714285714
2499 1.000000000
2500 1.000000000
2503 1.000000000
2504 1.000000000
2505 1.000000000
2507 1.000000000
2508 1.000000000
2509 1.000000000
2511 1.000000000
2512 1.000000000
2513 1.000000000
2514 1.000000000
2515 1.000000000
2516 1.000000000
2517 1.000000000
2518 1.000000000
2519 1.000000000
2520 1.000000000
2521 1.000000000
2522 1.000000000
2523 1.000000000
2524 1.000000000
2525 1.000000000
2526 1.000000000
2527 1.000000000
2528 1.000000000
2529 0.571428571
2530 1.000000000
2531 0.571428571
2532 0.666666667
2533 0.666666667
2534 1.000000000
2535 1.000000000
2536 1.000000000
2537 1.000000000
2538 1.000000000
2539 1.000000000
2540 1.000000000
2542 1.000000000
2543 1.000000000
2545 1.000000000
2546 1.000000000
2547 1.000000000
2548 1.000000000
2549 1.000000000
2550 1.000000000
2552 0.428571429
2553 0.666666667
2554 0.750000000
2555 0.428571429
2556 0.545454545
2557 0.545454545
2558 0.545454545
2559 1.000000000
2560 1.000000000
2562 1.000000000
2563 1.000000000
2564 1.000000000
2565 1.000000000
2566 0.666666667
2567 0.666666667
2568 1.000000000
2569 1.000000000
2570 1.000000000
2571 1.000000000
2572 1.000000000
2573 1.000000000
2574 1.000000000
2575 1.000000000
2576 1.000000000
2577 1.000000000
2578 1.000000000
2579 1.000000000
2580 1.000000000
2581 1.000000000
2582 1.000000000
2583 1.000000000
2584 1.000000000
2585 1.000000000
2586 1.000000000
2587 1.000000000
2588 1.000000000
2589 1.000000000
2590 1.000000000
2591 1.000000000
2592 1.000000000
2593 1.000000000
2594 1.000000000
2595 1.000000000
2596 1.000000000
2597 1.000000000
2598 1.000000000
2599 1.000000000
2600 1.000000000
2601 1.000000000
2602 1.000000000
2603 1.000000000
2604 1.000000000
2605 1.000000000
2606 1.000000000
2607 1.000000000
2608 1.000000000
2609 1.000000000
2610 1.000000000
2611 1.000000000
2612 1.000000000
2613 1.000000000
2614 1.000000000
2615 1.000000000
2616 1.000000000
2617 1.000000000
2618 1.000000000
2619 1.000000000
2620 1.000000000
2621 1.000000000
2622 1.000000000
2623 1.000000000
2624 1.000000000
2625 1.000000000
2626 1.000000000
2627 1.000000000
2628 1.000000000
2629 1.000000000
2630 1.000000000
2631 1.000000000
2632 1.000000000
2633 1.000000000
2634 1.000000000
2635 1.000000000
2636 1.000000000
2637 1.000000000
2638 1.000000000
2639 1.000000000
2640 1.000000000
2641 1.000000000
2642 1.000000000
2643 1.000000000
2644 1.000000000
2645 1.000000000
2646 1.000000000
2647 1.000000000
2648 1.000000000
2649 1.000000000
2650 1.000000000
2651 1.000000000
2652 1.000000000
2653 1.000000000
2655 1.000000000
2656 1.000000000
2657 1.000000000
2658 1.000000000
2659 1.000000000
2660 1.000000000
2661 1.000000000
2662 1.000000000
2663 1.000000000
2664 1.000000000
2665 1.000000000
2666 1.000000000
2667 1.000000000
2668 1.000000000
2669 1.000000000
2670 1.000000000
2671 1.000000000
2672 1.000000000
2673 1.000000000
2674 1.000000000
2675 1.000000000
2676 1.000000000
2677 1.000000000
2678 1.000000000
2679 1.000000000
2680 1.000000000
2681 1.000000000
2682 0.750000000
2683 0.750000000
2684 1.000000000
2685 0.600000000
2686 1.000000000
2687 1.000000000
2688 1.000000000
2689 1.000000000
2690 1.000000000
2691 1.000000000
2692 1.000000000
2693 1.000000000
2694 1.000000000
2695 1.000000000
2696 1.000000000
2697 1.000000000
2698 1.000000000
2699 0.666666667
2700 1.000000000
2701 0.666666667
2704 0.750000000
2705 0.750000000
2706 0.500000000
2707 0.500000000
2708 1.000000000
2709 1.000000000
2710 1.000000000
2711 1.000000000
2712 1.000000000
2713 1.000000000
2714 1.000000000
2715 1.000000000
2716 1.000000000
2717 1.000000000
2718 1.000000000
2719 1.000000000
2720 1.000000000
2721 1.000000000
2722 1.000000000
2723 1.000000000
2724 1.000000000
2725 1.000000000
2726 1.000000000
2727 1.000000000
2728 1.000000000
2729 1.000000000
2730 1.000000000
2731 1.000000000
2732 1.000000000
2733 1.000000000
2734 1.000000000
2735 0.666666667
2736 0.600000000
2737 1.000000000
2738 0.600000000
2739 0.545454545
2740 0.545454545
2741 0.545454545
2742 1.000000000
2743 1.000000000
2745 1.000000000
2746 1.000000000
2747 1.000000000
2748 1.000000000
2749 1.000000000
2750 0.625000000
2751 0.625000000
2752 0.625000000
2753 0.625000000
2755 1.000000000
2756 1.000000000
2757 1.000000000
2758 0.833333333
2759 0.625000000
2760 0.833333333
2761 0.500000000
2762 0.714285714
2763 0.555555556
2764 1.000000000
2765 1.000000000
2766 1.000000000
2767 1.000000000
2768 1.000000000
2769 1.000000000
2770 1.000000000
2771 1.000000000
2772 1.000000000
2773 1.000000000
2774 1.000000000
2775 1.000000000
2776 1.000000000
2777 1.000000000
2778 1.000000000
2779 1.000000000
2780 0.888888889
2781 0.888888889
2782 1.000000000
2783 1.000000000
2784 1.000000000
2785 0.666666667
2786 0.666666667
2787 1.000000000
2788 1.000000000
2789 1.000000000
2790 1.000000000
2791 1.000000000
2792 1.000000000
2793 1.000000000
2794 1.000000000
2796 1.000000000
2797 1.000000000
2798 1.000000000
