432860 0.052325000

0 9.000000000
1 18.000000000
2 3.000000000
3 14.000000000
4 15.000000000
5 14.000000000
6 11.000000000
7 9.000000000
8 10.000000000
9 2.000000000
10 1.000000000
11 1.000000000
12 11.000000000
13 9.000000000
14 9.000000000
15 1.000000000
16 1.000000000
17 2.000000000
18 2.000000000
19 2.000000000
20 2.000000000
21 4.000000000
22 1.000000000
23 1.000000000
24 2.000000000
25 6.000000000
26 6.000000000
27 6.000000000
28 5.000000000
29 3.000000000
30 4.000000000
31 8.000000000
32 6.000000000
33 1.000000000
34 1.000000000
35 1.000000000
36 1.000000000
37 3.000000000
38 5.000000000
39 4.000000000
40 4.000000000
41 4.000000000
42 1.000000000
43 1.000000000
44 1.000000000
45 2.000000000
46 2.000000000
47 2.000000000
48 2.000000000
49 2.000000000
50 2.000000000
51 5.000000000
52 4.000000000
53 2.000000000
54 5.000000000
55 4.000000000
56 8.000000000
57 1.000000000
58 2.000000000
59 4.000000000
60 9.000000000
61 5.000000000
62 4.000000000
63 2.000000000
64 2.000000000
65 2.000000000
66 2.000000000
67 2.000000000
68 2.000000000
69 2.000000000
70 2.000000000
71 2.000000000
72 2.000000000
73 2.000000000
74 2.000000000
75 2.000000000
76 2.000000000
77 2.000000000
78 2.000000000
79 2.000000000
80 2.000000000
81 2.000000000
82 2.000000000
83 2.000000000
84 2.000000000
85 2.000000000
86 3.000000000
87 3.000000000
88 3.000000000
89 4.000000000
90 4.000000000
91 1.000000000
92 1.000000000
93 1.000000000
94 1.000000000
95 1.000000000
96 1.000000000
97 1.000000000
98 1.000000000
99 2.000000000
100 5.000000000
101 5.000000000
102 4.000000000
103 5.000000000
104 4.000000000
105 4.000000000
106 3.000000000
107 8.000000000
108 9.000000000
109 10.000000000
110 12.000000000
111 2.000000000
112 7.000000000
113 3.000000000
114 6.000000000
115 3.000000000
116 2.000000000
117 3.000000000
118 3.000000000
119 3.000000000
120 2.000000000
121 3.000000000
122 6.000000000
123 3.000000000
124 3.000000000
125 3.000000000
126 3.000000000
127 3.000000000
128 3.000000000
129 2.000000000
130 1.000000000
131 1.000000000
132 1.000000000
133 1.000000000
134 1.000000000
135 1.000000000
136 1.000000000
137 1.000000000
138 1.000000000
139 1.000000000
140 1.000000000
141 1.000000000
142 1.000000000
143 1.000000000
144 1.000000000
145 1.000000000
146 1.000000000
147 1.000000000
148 1.000000000
149 1.000000000
150 1.000000000
151 1.000000000
152 1.000000000
153 1.000000000
154 1.000000000
155 1.000000000
156 1.000000000
157 1.000000000
158 1.000000000
159 1.000000000
160 1.000000000
161 1.000000000
162 1.000000000
163 1.000000000
164 1.000000000
165 2.000000000
166 2.000000000
167 2.000000000
168 2.000000000
169 2.000000000
170 2.000000000
171 2.000000000
172 2.000000000
173 2.000000000
174 2.000000000
175 3.000000000
176 3.000000000
177 3.000000000
178 3.000000000
179 2.000000000
180 4.000000000
181 5.000000000
182 4.000000000
183 7.000000000
184 4.000000000
185 8.000000000
186 3.000000000
187 5.000000000
188 5.000000000
189 2.000000000
190 3.000000000
191 7.000000000
192 9.000000000
193 8.000000000
194 8.000000000
195 4.000000000
196 2.000000000
197 18.000000000
198 6.000000000
199 24.000000000
200 2.000000000
201 2.000000000
202 2.000000000
203 1.000000000
204 1.000000000
205 1.000000000
206 6.000000000
207 2.000000000
208 2.000000000
209 2.000000000
210 3.000000000
211 1.000000000
212 2.000000000
213 2.000000000
214 2.000000000
215 4.000000000
216 5.000000000
217 2.000000000
218 2.000000000
219 3.000000000
220 2.000000000
221 1.000000000
222 4.000000000
223 2.000000000
224 1.000000000
225 1.000000000
226 1.000000000
227 1.000000000
228 1.000000000
229 2.000000000
230 3.000000000
231 12.000000000
232 7.000000000
233 10.000000000
234 6.000000000
235 1.000000000
236 7.000000000
237 1.000000000
238 1.000000000
239 3.000000000
240 2.000000000
241 1.000000000
242 1.000000000
243 1.000000000
244 1.000000000
245 3.000000000
246 1.000000000
247 5.000000000
248 2.000000000
249 5.000000000
250 2.000000000
251 1.000000000
252 1.000000000
253 1.000000000
254 1.000000000
255 1.000000000
256 1.000000000
257 1.000000000
258 1.000000000
259 1.000000000
260 1.000000000
261 1.000000000
262 1.000000000
263 2.000000000
264 3.000000000
265 8.000000000
266 6.000000000
267 1.000000000
268 6.000000000
269 1.000000000
270 2.000000000
271 2.000000000
272 5.000000000
273 4.000000000
274 2.000000000
275 3.000000000
276 2.000000000
277 2.000000000
278 2.000000000
279 1.000000000
280 1.000000000
281 1.000000000
282 2.000000000
283 1.000000000
284 1.000000000
285 1.000000000
286 1.000000000
287 1.000000000
288 1.000000000
289 1.000000000
290 1.000000000
291 1.000000000
292 2.000000000
293 1.000000000
294 1.000000000
295 1.000000000
296 4.000000000
297 1.000000000
298 2.000000000
299 3.000000000
300 2.000000000
301 2.000000000
302 7.000000000
303 7.000000000
304 7.000000000
305 6.000000000
306 6.000000000
307 6.000000000
308 6.000000000
309 6.000000000
310 6.000000000
311 6.000000000
312 5.000000000
313 5.000000000
314 5.000000000
315 2.000000000
316 3.000000000
317 3.000000000
318 1.000000000
319 1.000000000
320 1.000000000
321 3.000000000
322 3.000000000
323 3.000000000
324 3.000000000
325 3.000000000
326 3.000000000
327 3.000000000
328 5.000000000
329 2.000000000
330 2.000000000
331 2.000000000
332 2.000000000
333 2.000000000
334 2.000000000
335 2.000000000
336 2.000000000
337 2.000000000
338 2.000000000
339 2.000000000
340 3.000000000
341 1.000000000
342 1.000000000
343 1.000000000
344 1.000000000
345 1.000000000
346 1.000000000
347 1.000000000
348 2.000000000
349 2.000000000
350 2.000000000
351 2.000000000
352 2.000000000
353 2.000000000
354 2.000000000
355 4.000000000
356 10.000000000
357 1.000000000
358 1.000000000
359 10.000000000
360 4.000000000
361 1.000000000
362 1.000000000
363 4.000000000
364 1.000000000
365 1.000000000
366 2.000000000
367 3.000000000
368 2.000000000
369 13.000000000
370 10.000000000
371 1.000000000
372 18.000000000
373 4.000000000
374 1.000000000
375 2.000000000
376 7.000000000
377 7.000000000
378 18.000000000
379 4.000000000
380 3.000000000
381 5.000000000
382 1.000000000
383 1.000000000
384 1.000000000
385 1.000000000
386 2.000000000
387 5.000000000
388 6.000000000
389 7.000000000
390 2.000000000
391 5.000000000
392 3.000000000
393 1.000000000
394 2.000000000
395 8.000000000
396 1.000000000
397 1.000000000
398 1.000000000
399 2.000000000
400 3.000000000
401 2.000000000
402 11.000000000
403 19.000000000
404 2.000000000
405 2.000000000
406 2.000000000
407 2.000000000
408 2.000000000
409 2.000000000
410 2.000000000
411 2.000000000
412 2.000000000
413 2.000000000
414 2.000000000
415 2.000000000
416 2.000000000
417 3.000000000
418 4.000000000
419 5.000000000
420 3.000000000
421 3.000000000
422 3.000000000
423 3.000000000
424 3.000000000
425 3.000000000
426 3.000000000
427 3.000000000
428 3.000000000
429 3.000000000
430 3.000000000
431 3.000000000
432 3.000000000
433 4.000000000
434 4.000000000
435 4.000000000
436 4.000000000
437 4.000000000
438 4.000000000
439 4.000000000
440 4.000000000
441 5.000000000
442 5.000000000
443 6.000000000
444 3.000000000
445 3.000000000
446 3.000000000
447 3.000000000
448 3.000000000
449 3.000000000
450 3.000000000
451 3.000000000
452 3.000000000
453 3.000000000
454 3.000000000
455 3.000000000
456 3.000000000
457 5.000000000
458 5.000000000
459 5.000000000
460 5.000000000
461 5.000000000
462 5.000000000
463 5.000000000
464 5.000000000
465 6.000000000
466 5.000000000
467 4.000000000
468 4.000000000
469 4.000000000
470 4.000000000
471 4.000000000
472 4.000000000
473 4.000000000
474 4.000000000
475 4.000000000
476 6.000000000
477 3.000000000
478 2.000000000
479 2.000000000
480 2.000000000
481 2.000000000
482 3.000000000
483 2.000000000
484 2.000000000
485 2.000000000
486 2.000000000
487 2.000000000
488 2.000000000
489 1.000000000
490 1.000000000
491 1.000000000
492 1.000000000
493 1.000000000
494 1.000000000
495 1.000000000
496 1.000000000
497 1.000000000
498 1.000000000
499 1.000000000
500 1.000000000
501 1.000000000
502 1.000000000
503 1.000000000
504 1.000000000
505 1.000000000
506 3.000000000
507 7.000000000
508 2.000000000
509 4.000000000
510 2.000000000
511 1.000000000
512 1.000000000
513 1.000000000
514 1.000000000
515 1.000000000
516 1.000000000
517 1.000000000
518 1.000000000
519 1.000000000
520 1.000000000
521 1.000000000
522 1.000000000
523 1.000000000
524 1.000000000
525 1.000000000
526 1.000000000
527 1.000000000
528 1.000000000
529 1.000000000
530 1.000000000
531 1.000000000
532 1.000000000
533 2.000000000
534 3.000000000
535 6.000000000
536 1.000000000
537 6.000000000
538 9.000000000
539 1.000000000
540 1.000000000
541 4.000000000
542 2.000000000
543 3.000000000
544 2.000000000
545 1.000000000
546 1.000000000
547 1.000000000
548 2.000000000
549 2.000000000
550 1.000000000
551 2.000000000
552 1.000000000
553 1.000000000
554 2.000000000
555 4.000000000
556 21.000000000
557 23.000000000
558 11.000000000
559 9.000000000
560 2.000000000
561 2.000000000
562 5.000000000
563 5.000000000
564 13.000000000
565 30.000000000
566 10.000000000
567 2.000000000
568 3.000000000
569 1.000000000
570 1.000000000
571 1.000000000
572 3.000000000
573 3.000000000
574 1.000000000
575 1.000000000
576 1.000000000
577 1.000000000
578 12.000000000
579 4.000000000
580 6.000000000
581 8.000000000
582 7.000000000
583 7.000000000
584 16.000000000
585 3.000000000
586 1.000000000
587 4.000000000
588 4.000000000
589 2.000000000
590 1.000000000
591 4.000000000
592 34.000000000
593 4.000000000
594 6.000000000
595 5.000000000
596 5.000000000
597 2.000000000
598 1.000000000
599 5.000000000
600 13.000000000
601 15.000000000
602 1.000000000
603 3.000000000
604 9.000000000
605 7.000000000
606 13.000000000
607 3.000000000
608 3.000000000
609 4.000000000
610 4.000000000
611 1.000000000
612 1.000000000
613 1.000000000
614 2.000000000
615 9.000000000
616 4.000000000
617 2.000000000
618 16.000000000
619 15.000000000
620 1.000000000
621 3.000000000
622 34.000000000
623 1.000000000
624 7.000000000
625 4.000000000
626 5.000000000
627 5.000000000
628 1.000000000
629 1.000000000
630 1.000000000
631 5.000000000
632 11.000000000
633 4.000000000
634 2.000000000
635 1.000000000
636 1.000000000
637 1.000000000
638 1.000000000
639 2.000000000
640 3.000000000
641 1.000000000
642 1.000000000
643 1.000000000
644 1.000000000
645 2.000000000
646 2.000000000
647 3.000000000
648 1.000000000
649 1.000000000
650 4.000000000
651 2.000000000
652 1.000000000
653 8.000000000
654 8.000000000
655 8.000000000
656 1.000000000
657 4.000000000
658 2.000000000
659 5.000000000
660 13.000000000
661 21.000000000
662 19.000000000
663 4.000000000
664 15.000000000
665 15.000000000
666 8.000000000
667 3.000000000
668 6.000000000
669 6.000000000
670 1.000000000
671 10.000000000
672 12.000000000
673 10.000000000
674 8.000000000
675 11.000000000
676 4.000000000
677 2.000000000
678 15.000000000
679 10.000000000
680 9.000000000
681 12.000000000
682 1.000000000
683 3.000000000
684 1.000000000
685 1.000000000
686 1.000000000
687 1.000000000
688 2.000000000
689 1.000000000
690 2.000000000
691 2.000000000
692 1.000000000
693 11.000000000
694 8.000000000
695 5.000000000
696 4.000000000
697 2.000000000
698 1.000000000
699 7.000000000
700 17.000000000
701 71.000000000
702 6.000000000
703 6.000000000
704 9.000000000
705 8.000000000
706 8.000000000
707 7.000000000
708 4.000000000
709 2.000000000
710 2.000000000
711 3.000000000
712 3.000000000
713 3.000000000
714 1.000000000
715 1.000000000
716 2.000000000
717 6.000000000
718 3.000000000
719 2.000000000
720 1.000000000
721 4.000000000
722 19.000000000
723 5.000000000
724 5.000000000
725 6.000000000
726 2.000000000
727 3.000000000
728 6.000000000
729 6.000000000
730 6.000000000
731 6.000000000
732 5.000000000
733 2.000000000
734 2.000000000
735 1.000000000
736 2.000000000
737 15.000000000
738 8.000000000
739 5.000000000
740 2.000000000
741 3.000000000
742 2.000000000
743 3.000000000
744 4.000000000
745 4.000000000
746 2.000000000
747 3.000000000
748 3.000000000
749 3.000000000
750 7.000000000
751 8.000000000
752 7.000000000
753 1.000000000
754 1.000000000
755 1.000000000
756 13.000000000
757 36.000000000
758 3.000000000
759 1.000000000
760 5.000000000
761 3.000000000
762 1.000000000
763 2.000000000
764 1.000000000
765 1.000000000
766 1.000000000
767 1.000000000
768 2.000000000
769 2.000000000
770 2.000000000
771 8.000000000
772 10.000000000
773 11.000000000
774 3.000000000
775 3.000000000
776 3.000000000
777 9.000000000
778 5.000000000
779 3.000000000
780 3.000000000
781 1.000000000
782 1.000000000
783 1.000000000
784 2.000000000
785 1.000000000
786 3.000000000
787 1.000000000
788 3.000000000
789 1.000000000
790 8.000000000
791 9.000000000
792 2.000000000
793 4.000000000
794 6.000000000
795 1.000000000
796 2.000000000
797 9.000000000
798 3.000000000
799 23.000000000
800 1.000000000
801 5.000000000
802 2.000000000
803 1.000000000
804 1.000000000
805 2.000000000
806 1.000000000
807 1.000000000
808 2.000000000
809 1.000000000
810 1.000000000
811 22.000000000
812 1.000000000
813 4.000000000
814 3.000000000
815 2.000000000
816 2.000000000
817 1.000000000
818 1.000000000
819 2.000000000
820 1.000000000
821 3.000000000
822 9.000000000
823 9.000000000
824 1.000000000
825 1.000000000
826 4.000000000
827 1.000000000
828 8.000000000
829 3.000000000
830 5.000000000
831 11.000000000
832 1.000000000
833 1.000000000
834 2.000000000
835 5.000000000
836 5.000000000
837 2.000000000
838 1.000000000
839 16.000000000
840 6.000000000
841 1.000000000
842 4.000000000
843 2.000000000
844 6.000000000
845 5.000000000
846 4.000000000
847 6.000000000
848 5.000000000
849 3.000000000
850 3.000000000
851 4.000000000
852 4.000000000
853 4.000000000
854 2.000000000
855 6.000000000
856 3.000000000
857 3.000000000
858 5.000000000
859 2.000000000
860 10.000000000
861 3.000000000
862 5.000000000
863 5.000000000
864 4.000000000
865 5.000000000
866 2.000000000
867 6.000000000
868 5.000000000
869 3.000000000
870 3.000000000
871 2.000000000
872 1.000000000
873 1.000000000
874 1.000000000
875 1.000000000
876 1.000000000
877 1.000000000
878 13.000000000
879 26.000000000
880 3.000000000
881 2.000000000
882 1.000000000
883 4.000000000
884 1.000000000
885 1.000000000
886 2.000000000
887 1.000000000
888 23.000000000
889 28.000000000
890 26.000000000
891 2.000000000
892 5.000000000
893 14.000000000
894 10.000000000
895 2.000000000
896 4.000000000
897 9.000000000
898 1.000000000
899 1.000000000
900 3.000000000
901 1.000000000
902 1.000000000
903 2.000000000
904 11.000000000
905 8.000000000
906 34.000000000
907 16.000000000
908 17.000000000
909 1.000000000
910 1.000000000
911 1.000000000
912 1.000000000
913 5.000000000
914 2.000000000
915 6.000000000
916 2.000000000
917 2.000000000
918 1.000000000
919 10.000000000
920 16.000000000
921 1.000000000
922 10.000000000
923 3.000000000
924 7.000000000
925 6.000000000
926 10.000000000
927 4.000000000
928 4.000000000
929 4.000000000
930 10.000000000
931 1.000000000
932 2.000000000
933 3.000000000
934 3.000000000
935 3.000000000
936 3.000000000
937 3.000000000
938 3.000000000
939 3.000000000
940 3.000000000
941 3.000000000
942 3.000000000
943 3.000000000
944 3.000000000
945 4.000000000
946 4.000000000
947 2.000000000
948 5.000000000
949 9.000000000
950 7.000000000
951 8.000000000
952 5.000000000
953 3.000000000
954 6.000000000
955 6.000000000
956 4.000000000
957 3.000000000
958 3.000000000
959 2.000000000
960 2.000000000
961 2.000000000
962 3.000000000
963 3.000000000
964 3.000000000
965 3.000000000
966 3.000000000
967 3.000000000
968 4.000000000
969 4.000000000
970 4.000000000
971 4.000000000
972 9.000000000
973 7.000000000
974 3.000000000
975 4.000000000
976 1.000000000
977 1.000000000
978 1.000000000
979 2.000000000
980 5.000000000
981 1.000000000
982 2.000000000
983 6.000000000
984 1.000000000
985 2.000000000
986 4.000000000
987 1.000000000
988 2.000000000
989 1.000000000
990 5.000000000
991 2.000000000
992 1.000000000
993 1.000000000
994 3.000000000
995 3.000000000
996 7.000000000
997 2.000000000
998 10.000000000
999 18.000000000
1000 1.000000000
1001 1.000000000
1002 2.000000000
1003 2.000000000
1004 3.000000000
1005 1.000000000
1006 1.000000000
1007 4.000000000
1008 6.000000000
1009 10.000000000
1010 1.000000000
1011 1.000000000
1012 1.000000000
1013 4.000000000
1014 3.000000000
1015 1.000000000
1016 5.000000000
1017 2.000000000
1018 4.000000000
1019 1.000000000
1020 1.000000000
1021 3.000000000
1022 1.000000000
1023 2.000000000
1024 1.000000000
1025 2.000000000
1026 1.000000000
1027 3.000000000
1028 4.000000000
1029 4.000000000
1030 6.000000000
1031 3.000000000
1032 2.000000000
1033 1.000000000
1034 2.000000000
1035 1.000000000
1036 3.000000000
1037 2.000000000
1038 1.000000000
1039 1.000000000
1040 2.000000000
1041 5.000000000
1042 5.000000000
1043 5.000000000
1044 5.000000000
1045 5.000000000
1046 1.000000000
1047 1.000000000
1048 11.000000000
1049 11.000000000
1050 3.000000000
1051 4.000000000
1052 1.000000000
1053 12.000000000
1054 3.000000000
1055 3.000000000
1056 1.000000000
1057 2.000000000
1058 1.000000000
1059 1.000000000
1060 1.000000000
1061 1.000000000
1062 3.000000000
1063 4.000000000
1064 2.000000000
1065 1.000000000
1066 3.000000000
1067 2.000000000
1068 2.000000000
1069 1.000000000
1070 1.000000000
1071 7.000000000
1072 2.000000000
1073 3.000000000
1074 1.000000000
1075 1.000000000
1076 1.000000000
1077 1.000000000
1078 1.000000000
1079 1.000000000
1080 1.000000000
1081 1.000000000
1082 2.000000000
1083 4.000000000
1084 2.000000000
1085 10.000000000
1086 11.000000000
1087 15.000000000
1088 7.000000000
1089 9.000000000
1090 13.000000000
1091 1.000000000
1092 1.000000000
1093 2.000000000
1094 9.000000000
1095 12.000000000
1096 7.000000000
1097 9.000000000
1098 6.000000000
1099 5.000000000
1100 1.000000000
1101 2.000000000
1102 1.000000000
1103 5.000000000
1104 4.000000000
1105 4.000000000
1106 5.000000000
1107 3.000000000
1108 1.000000000
1109 2.000000000
1110 1.000000000
1111 1.000000000
1112 1.000000000
1113 2.000000000
1114 2.000000000
1115 2.000000000
1116 4.000000000
1117 9.000000000
1118 1.000000000
1119 6.000000000
1120 12.000000000
1121 6.000000000
1122 8.000000000
1123 6.000000000
1124 5.000000000
1125 5.000000000
1126 4.000000000
1127 3.000000000
1128 6.000000000
1129 5.000000000
1130 5.000000000
1131 5.000000000
1132 5.000000000
1133 5.000000000
1134 5.000000000
1135 6.000000000
1136 6.000000000
1137 6.000000000
1138 2.000000000
1139 1.000000000
1140 1.000000000
1141 1.000000000
1142 3.000000000
1143 4.000000000
1144 2.000000000
1145 1.000000000
1146 1.000000000
1147 1.000000000
1148 1.000000000
1149 3.000000000
1150 3.000000000
1151 3.000000000
1152 3.000000000
1153 3.000000000
1154 3.000000000
1155 3.000000000
1156 3.000000000
1157 3.000000000
1158 2.000000000
1159 2.000000000
1160 2.000000000
1161 1.000000000
1162 1.000000000
1163 1.000000000
1164 1.000000000
1165 1.000000000
1166 8.000000000
1167 9.000000000
1168 5.000000000
1169 52.000000000
1170 8.000000000
1171 1.000000000
1172 3.000000000
1173 1.000000000
1174 3.000000000
1175 4.000000000
1176 1.000000000
1177 7.000000000
1178 3.000000000
1179 2.000000000
1180 2.000000000
1181 1.000000000
1182 1.000000000
1183 1.000000000
1184 1.000000000
1185 7.000000000
1186 33.000000000
1187 8.000000000
1188 3.000000000
1189 5.000000000
1190 1.000000000
1191 1.000000000
1192 1.000000000
1193 1.000000000
1194 1.000000000
1195 7.000000000
1196 6.000000000
1197 3.000000000
1198 4.000000000
1199 3.000000000
1200 1.000000000
1201 1.000000000
1202 2.000000000
1203 1.000000000
1204 1.000000000
1205 3.000000000
1206 3.000000000
1207 3.000000000
1208 3.000000000
1209 2.000000000
1210 2.000000000
1211 2.000000000
1212 1.000000000
1213 1.000000000
1214 1.000000000
1215 1.000000000
1216 1.000000000
1217 1.000000000
1218 1.000000000
1219 1.000000000
1220 1.000000000
1221 1.000000000
1222 1.000000000
1223 1.000000000
1224 1.000000000
1225 10.000000000
1226 1.000000000
1227 1.000000000
1228 1.000000000
1229 1.000000000
1230 2.000000000
1231 2.000000000
1232 1.000000000
1233 1.000000000
1234 6.000000000
1235 2.000000000
1236 2.000000000
1237 1.000000000
1238 3.000000000
1239 1.000000000
1240 1.000000000
1241 1.000000000
1242 5.000000000
1243 5.000000000
1244 7.000000000
1245 14.000000000
1246 1.000000000
1247 2.000000000
1248 1.000000000
1249 3.000000000
1250 2.000000000
1251 1.000000000
1252 5.000000000
1253 1.000000000
1254 2.000000000
1255 1.000000000
1256 1.000000000
1257 14.000000000
1258 12.000000000
1259 41.000000000
1260 28.000000000
1261 7.000000000
1262 15.000000000
1263 13.000000000
1264 16.000000000
1265 6.000000000
1266 3.000000000
1267 7.000000000
1268 5.000000000
1269 5.000000000
1270 6.000000000
1271 1.000000000
1272 1.000000000
1273 1.000000000
1274 1.000000000
1275 29.000000000
1276 15.000000000
1277 2.000000000
1278 15.000000000
1279 3.000000000
1280 6.000000000
1281 4.000000000
1282 17.000000000
1283 3.000000000
1284 13.000000000
1285 3.000000000
1286 2.000000000
1287 2.000000000
1288 3.000000000
1289 1.000000000
1290 10.000000000
1291 2.000000000
1292 2.000000000
1293 10.000000000
1294 1.000000000
1295 3.000000000
1296 6.000000000
1297 4.000000000
1298 3.000000000
1299 7.000000000
1300 5.000000000
1301 2.000000000
1302 1.000000000
1303 1.000000000
1304 2.000000000
1305 2.000000000
1306 1.000000000
1307 1.000000000
1308 1.000000000
1309 3.000000000
1310 2.000000000
1311 2.000000000
1312 1.000000000
1313 1.000000000
1314 23.000000000
1315 1.000000000
1316 1.000000000
1317 5.000000000
1318 1.000000000
1319 1.000000000
1320 1.000000000
1321 2.000000000
1322 3.000000000
1323 1.000000000
1324 1.000000000
1325 6.000000000
1326 4.000000000
1327 2.000000000
1328 2.000000000
1329 1.000000000
1330 5.000000000
1331 6.000000000
1332 1.000000000
1333 10.000000000
1334 6.000000000
1335 1.000000000
1336 11.000000000
1337 5.000000000
1338 4.000000000
1339 2.000000000
1340 3.000000000
1341 3.000000000
1342 3.000000000
1343 4.000000000
1344 4.000000000
1345 3.000000000
1346 4.000000000
1347 1.000000000
1348 1.000000000
1349 2.000000000
1350 2.000000000
1351 2.000000000
1352 1.000000000
1353 1.000000000
1354 3.000000000
1355 1.000000000
1356 7.000000000
1357 7.000000000
1358 1.000000000
1359 4.000000000
1360 1.000000000
1361 1.000000000
1362 1.000000000
1363 1.000000000
1364 6.000000000
1365 2.000000000
1366 1.000000000
1367 1.000000000
1368 1.000000000
1369 2.000000000
1370 2.000000000
1371 5.000000000
1372 6.000000000
1373 4.000000000
1374 2.000000000
1375 1.000000000
1376 1.000000000
1377 3.000000000
1378 3.000000000
1379 4.000000000
1380 4.000000000
1381 12.000000000
1382 2.000000000
1383 2.000000000
1384 2.000000000
1385 3.000000000
1386 1.000000000
1387 4.000000000
1388 7.000000000
1389 1.000000000
1390 1.000000000
1391 1.000000000
1392 1.000000000
1393 1.000000000
1394 1.000000000
1395 1.000000000
1396 1.000000000
1397 1.000000000
1398 1.000000000
1399 4.000000000
1400 5.000000000
1401 2.000000000
1402 3.000000000
1403 3.000000000
1404 3.000000000
1405 1.000000000
1406 1.000000000
1407 1.000000000
1408 1.000000000
1409 1.000000000
1410 2.000000000
1411 1.000000000
1412 1.000000000
1413 2.000000000
1414 1.000000000
1415 1.000000000
1416 1.000000000
1417 5.000000000
1418 5.000000000
1419 6.000000000
1420 1.000000000
1421 3.000000000
1422 1.000000000
1423 1.000000000
1424 16.000000000
1425 2.000000000
1426 1.000000000
1427 1.000000000
1428 1.000000000
1429 1.000000000
1430 1.000000000
1431 3.000000000
1432 3.000000000
1433 3.000000000
1434 1.000000000
1435 1.000000000
1436 1.000000000
1437 1.000000000
1438 9.000000000
1439 5.000000000
1440 11.000000000
1441 4.000000000
1442 1.000000000
1443 1.000000000
1444 1.000000000
1445 2.000000000
1446 2.000000000
1447 2.000000000
1448 1.000000000
1449 3.000000000
1450 4.000000000
1451 4.000000000
1452 5.000000000
1453 2.000000000
1454 1.000000000
1455 1.000000000
1456 1.000000000
1457 1.000000000
1458 1.000000000
1459 2.000000000
1460 3.000000000
1461 12.000000000
1462 9.000000000
1463 1.000000000
1464 1.000000000
1465 1.000000000
1466 11.000000000
1467 5.000000000
1468 1.000000000
1469 5.000000000
1470 3.000000000
1471 4.000000000
1472 1.000000000
1473 1.000000000
1474 3.000000000
1475 2.000000000
1476 4.000000000
1477 5.000000000
1478 4.000000000
1479 4.000000000
1480 1.000000000
1481 2.000000000
1482 1.000000000
1483 3.000000000
1484 1.000000000
1485 1.000000000
1486 1.000000000
1487 1.000000000
1488 14.000000000
1489 9.000000000
1490 8.000000000
1491 13.000000000
1492 12.000000000
1493 15.000000000
1494 15.000000000
1495 11.000000000
1496 14.000000000
1497 6.000000000
1498 6.000000000
1499 5.000000000
1500 3.000000000
1501 9.000000000
1502 5.000000000
1503 4.000000000
1504 2.000000000
1505 5.000000000
1506 4.000000000
1507 4.000000000
1508 4.000000000
1509 1.000000000
1510 1.000000000
1511 1.000000000
1512 1.000000000
1513 1.000000000
1514 1.000000000
1515 2.000000000
1516 2.000000000
1517 2.000000000
1518 3.000000000
1519 1.000000000
1520 10.000000000
1521 14.000000000
1522 1.000000000
1523 1.000000000
1524 3.000000000
1525 1.000000000
1526 1.000000000
1527 1.000000000
1528 4.000000000
1529 1.000000000
1530 4.000000000
1531 2.000000000
1532 1.000000000
1533 2.000000000
1534 1.000000000
1535 3.000000000
1536 1.000000000
1537 6.000000000
1538 1.000000000
1539 1.000000000
1540 16.000000000
1541 2.000000000
1542 1.000000000
1543 1.000000000
1544 2.000000000
1545 1.000000000
1546 4.000000000
1547 1.000000000
1548 2.000000000
1549 2.000000000
1550 1.000000000
1551 12.000000000
1552 8.000000000
1553 6.000000000
1554 4.000000000
1555 1.000000000
1556 5.000000000
1557 1.000000000
1558 1.000000000
1559 2.000000000
1560 2.000000000
1561 4.000000000
1562 7.000000000
1563 32.000000000
1564 3.000000000
1565 1.000000000
1566 1.000000000
1567 1.000000000
1568 1.000000000
1569 1.000000000
1570 2.000000000
1571 1.000000000
1572 5.000000000
1573 32.000000000
1574 5.000000000
1575 1.000000000
1576 1.000000000
1577 2.000000000
1578 4.000000000
1579 1.000000000
1580 1.000000000
1581 1.000000000
1582 7.000000000
1583 1.000000000
1584 7.000000000
1585 7.000000000
1586 4.000000000
1587 1.000000000
1588 2.000000000
1589 1.000000000
1590 1.000000000
1591 1.000000000
1592 1.000000000
1593 1.000000000
1594 1.000000000
1595 11.000000000
1596 2.000000000
1597 1.000000000
1598 1.000000000
1599 1.000000000
1600 1.000000000
1601 4.000000000
1602 1.000000000
1603 1.000000000
1604 2.000000000
1605 3.000000000
1606 1.000000000
1607 1.000000000
1608 1.000000000
1609 5.000000000
1610 6.000000000
1611 6.000000000
1612 6.000000000
1613 6.000000000
1614 2.000000000
1615 1.000000000
1616 2.000000000
1617 1.000000000
1618 1.000000000
1619 7.000000000
1620 5.000000000
1621 11.000000000
1622 10.000000000
1623 1.000000000
1624 1.000000000
1625 1.000000000
1626 1.000000000
1627 1.000000000
1628 1.000000000
1629 1.000000000
1630 12.000000000
1631 2.000000000
1632 1.000000000
1633 15.000000000
1634 1.000000000
1635 2.000000000
1636 3.000000000
1637 1.000000000
1638 1.000000000
1639 3.000000000
1640 4.000000000
1641 1.000000000
1642 12.000000000
1643 2.000000000
1644 1.000000000
1645 1.000000000
1646 2.000000000
1647 21.000000000
1648 21.000000000
1649 6.000000000
1650 2.000000000
1651 1.000000000
1652 1.000000000
1653 1.000000000
1654 5.000000000
1655 1.000000000
1656 5.000000000
1657 1.000000000
1658 2.000000000
1659 2.000000000
1660 1.000000000
1661 13.000000000
1662 3.000000000
1663 6.000000000
1664 1.000000000
1665 2.000000000
1666 22.000000000
1667 1.000000000
1668 1.000000000
1669 1.000000000
1670 3.000000000
1671 8.000000000
1672 11.000000000
1673 1.000000000
1674 1.000000000
1675 1.000000000
1676 1.000000000
1677 1.000000000
1678 1.000000000
1679 1.000000000
1680 1.000000000
1681 1.000000000
1682 1.000000000
1683 1.000000000
1684 1.000000000
1685 1.000000000
1686 1.000000000
1687 1.000000000
1688 1.000000000
1689 2.000000000
1690 1.000000000
1691 1.000000000
1692 5.000000000
1693 3.000000000
1694 1.000000000
1695 1.000000000
1696 6.000000000
1697 3.000000000
1698 4.000000000
1699 2.000000000
1700 1.000000000
1701 1.000000000
1702 2.000000000
1703 1.000000000
1704 1.000000000
1705 3.000000000
1706 9.000000000
1707 5.000000000
1708 8.000000000
1709 9.000000000
1710 2.000000000
1711 1.000000000
1712 2.000000000
1713 3.000000000
1714 1.000000000
1715 1.000000000
1716 1.000000000
1717 1.000000000
1718 3.000000000
1719 1.000000000
1720 2.000000000
1721 1.000000000
1722 2.000000000
1723 2.000000000
1724 1.000000000
1725 1.000000000
1726 1.000000000
1727 3.000000000
1728 4.000000000
1729 3.000000000
1730 2.000000000
1731 1.000000000
1732 1.000000000
1733 1.000000000
1734 1.000000000
1735 1.000000000
1736 3.000000000
1737 1.000000000
1738 1.000000000
1739 1.000000000
1740 4.000000000
1741 1.000000000
1742 2.000000000
1743 1.000000000
1744 4.000000000
1745 4.000000000
1746 3.000000000
1747 6.000000000
1748 2.000000000
1749 4.000000000
1750 2.000000000
1751 2.000000000
1752 3.000000000
1753 3.000000000
1754 3.000000000
1755 1.000000000
1756 1.000000000
1757 1.000000000
1758 1.000000000
1759 1.000000000
1760 3.000000000
1761 1.000000000
1762 1.000000000
1763 1.000000000
1764 3.000000000
1765 3.000000000
1766 2.000000000
1767 3.000000000
1768 2.000000000
1769 1.000000000
1770 1.000000000
1771 1.000000000
1772 1.000000000
1773 3.000000000
1774 6.000000000
1775 1.000000000
1776 3.000000000
1777 1.000000000
1778 2.000000000
1779 2.000000000
1780 2.000000000
1781 2.000000000
1782 2.000000000
1783 13.000000000
1784 6.000000000
1785 6.000000000
1786 8.000000000
1787 7.000000000
1788 9.000000000
1789 8.000000000
1790 12.000000000
1791 1.000000000
1792 1.000000000
1793 1.000000000
1794 1.000000000
1795 4.000000000
1796 1.000000000
1797 1.000000000
1798 9.000000000
1799 1.000000000
1800 4.000000000
1801 7.000000000
1802 2.000000000
1803 1.000000000
1804 2.000000000
1805 1.000000000
1806 1.000000000
1807 1.000000000
1808 1.000000000
1809 2.000000000
1810 1.000000000
1811 1.000000000
1812 3.000000000
1813 1.000000000
1814 3.000000000
1815 3.000000000
1816 1.000000000
1817 1.000000000
1818 3.000000000
1819 10.000000000
1820 1.000000000
1821 1.000000000
1822 1.000000000
1823 2.000000000
1824 1.000000000
1825 2.000000000
1826 1.000000000
1827 5.000000000
1828 1.000000000
1829 1.000000000
1830 2.000000000
1831 3.000000000
1832 2.000000000
1833 2.000000000
1834 2.000000000
1835 2.000000000
1836 2.000000000
1837 1.000000000
1838 1.000000000
1839 2.000000000
1840 1.000000000
1841 1.000000000
1842 1.000000000
1843 1.000000000
1844 1.000000000
1845 1.000000000
1846 1.000000000
1847 8.000000000
1848 10.000000000
1849 8.000000000
1850 2.000000000
1851 2.000000000
1852 2.000000000
1853 3.000000000
1854 2.000000000
1855 1.000000000
1856 5.000000000
1857 3.000000000
1858 1.000000000
1859 1.000000000
1860 10.000000000
1861 2.000000000
1862 3.000000000
1863 1.000000000
1864 3.000000000
1865 3.000000000
1866 2.000000000
1867 1.000000000
1868 1.000000000
1869 1.000000000
1870 1.000000000
1871 5.000000000
1872 15.000000000
1873 3.000000000
1874 1.000000000
1875 1.000000000
1876 1.000000000
1877 24.000000000
1878 5.000000000
1879 3.000000000
1880 2.000000000
1881 3.000000000
1882 9.000000000
1883 5.000000000
1884 3.000000000
1885 1.000000000
1886 1.000000000
1887 9.000000000
1888 2.000000000
1889 5.000000000
1890 1.000000000
1891 1.000000000
1892 4.000000000
1893 1.000000000
1894 1.000000000
1895 3.000000000
1896 3.000000000
1897 4.000000000
1898 9.000000000
1899 8.000000000
1900 10.000000000
1901 10.000000000
1902 7.000000000
1903 1.000000000
1904 2.000000000
1905 10.000000000
1906 2.000000000
1907 2.000000000
1908 1.000000000
1909 4.000000000
1910 11.000000000
1911 7.000000000
1912 2.000000000
1913 4.000000000
1914 1.000000000
1915 2.000000000
1916 1.000000000
1917 1.000000000
1918 2.000000000
1919 1.000000000
1920 1.000000000
1921 5.000000000
1922 2.000000000
1923 4.000000000
1924 4.000000000
1925 1.000000000
1926 3.000000000
1927 4.000000000
1928 3.000000000
1929 3.000000000
1930 1.000000000
1931 1.000000000
1932 1.000000000
1933 1.000000000
1934 1.000000000
1935 1.000000000
1936 3.000000000
1937 2.000000000
1938 3.000000000
1939 3.000000000
1940 1.000000000
1941 1.000000000
1942 1.000000000
1943 2.000000000
1944 9.000000000
1945 9.000000000
1946 3.000000000
1947 4.000000000
1948 4.000000000
1949 1.000000000
1950 1.000000000
1951 6.000000000
1952 1.000000000
1953 1.000000000
1954 1.000000000
1955 1.000000000
1956 1.000000000
1957 2.000000000
1958 1.000000000
1959 59.000000000
1960 2.000000000
1961 1.000000000
1962 1.000000000
1963 15.000000000
1964 2.000000000
1965 1.000000000
1966 4.000000000
1967 2.000000000
1968 6.000000000
1969 4.000000000
1970 3.000000000
1971 4.000000000
1972 7.000000000
1973 3.000000000
1974 1.000000000
1975 12.000000000
1976 1.000000000
1977 2.000000000
1978 1.000000000
1979 3.000000000
1980 2.000000000
1981 1.000000000
1982 1.000000000
1983 1.000000000
1984 12.000000000
1985 5.000000000
1986 2.000000000
1987 1.000000000
1988 3.000000000
1989 1.000000000
1990 3.000000000
1991 3.000000000
1992 6.000000000
1993 4.000000000
1994 4.000000000
1995 1.000000000
1996 2.000000000
1997 1.000000000
1998 3.000000000
1999 1.000000000
2000 1.000000000
2001 1.000000000
2002 8.000000000
2003 2.000000000
2004 1.000000000
2005 2.000000000
2006 5.000000000
2007 2.000000000
2008 2.000000000
2009 1.000000000
2010 1.000000000
2011 1.000000000
2012 1.000000000
2013 2.000000000
2014 1.000000000
2015 9.000000000
2016 10.000000000
2017 28.000000000
2018 5.000000000
2019 1.000000000
2020 1.000000000
2021 1.000000000
2022 2.000000000
2023 2.000000000
2024 31.000000000
2025 1.000000000
2026 1.000000000
2027 1.000000000
2028 1.000000000
2029 2.000000000
2030 1.000000000
2031 3.000000000
2032 1.000000000
2033 1.000000000
2034 1.000000000
2035 1.000000000
2036 2.000000000
2037 1.000000000
2038 1.000000000
2039 1.000000000
2040 1.000000000
2041 1.000000000
2042 7.000000000
2043 1.000000000
2044 4.000000000
2045 1.000000000
2046 1.000000000
2047 2.000000000
2048 2.000000000
2049 2.000000000
2050 2.000000000
2051 1.000000000
2052 1.000000000
2053 1.000000000
2054 2.000000000
2055 7.000000000
2056 1.000000000
2057 1.000000000
2058 1.000000000
2059 1.000000000
2060 3.000000000
2061 1.000000000
2062 1.000000000
2063 1.000000000
2064 1.000000000
2065 3.000000000
2066 1.000000000
2067 2.000000000
2068 1.000000000
2069 5.000000000
2070 9.000000000
2071 4.000000000
2072 1.000000000
2073 3.000000000
2074 4.000000000
2075 2.000000000
2076 1.000000000
2077 1.000000000
2078 1.000000000
2079 1.000000000
2080 2.000000000
2081 2.000000000
2082 1.000000000
2083 4.000000000
2084 1.000000000
2085 5.000000000
2086 3.000000000
2087 1.000000000
2088 1.000000000
2089 3.000000000
2090 1.000000000
2091 1.000000000
2092 2.000000000
2093 1.000000000
2094 2.000000000
2095 1.000000000
2096 3.000000000
2097 3.000000000
2098 3.000000000
2099 4.000000000
2100 2.000000000
2101 4.000000000
2102 3.000000000
2103 3.000000000
2104 3.000000000
2105 3.000000000
2106 3.000000000
2107 5.000000000
2108 5.000000000
2109 4.000000000
2110 1.000000000
2111 2.000000000
2112 2.000000000
2113 2.000000000
2114 2.000000000
2115 6.000000000
2116 1.000000000
2117 1.000000000
2118 2.000000000
2119 7.000000000
2120 6.000000000
2121 4.000000000
2122 3.000000000
2123 1.000000000
2124 1.000000000
2125 2.000000000
2126 4.000000000
2127 3.000000000
2128 3.000000000
2129 7.000000000
2130 10.000000000
2131 9.000000000
2132 9.000000000
2133 4.000000000
2134 3.000000000
2135 2.000000000
2136 6.000000000
2137 1.000000000
2138 1.000000000
2139 1.000000000
2140 1.000000000
2141 5.000000000
2142 1.000000000
2143 1.000000000
2144 5.000000000
2145 1.000000000
2146 1.000000000
2147 3.000000000
2148 2.000000000
2149 1.000000000
2150 1.000000000
2151 2.000000000
2152 1.000000000
2153 1.000000000
2154 2.000000000
2155 2.000000000
2156 1.000000000
2157 1.000000000
2158 1.000000000
2159 1.000000000
2160 1.000000000
2161 1.000000000
2162 1.000000000
2163 1.000000000
2164 2.000000000
2165 2.000000000
2166 2.000000000
2167 4.000000000
2168 1.000000000
2169 1.000000000
2170 2.000000000
2171 3.000000000
2172 2.000000000
2173 1.000000000
2174 3.000000000
2175 4.000000000
2176 1.000000000
2177 1.000000000
2178 1.000000000
2179 1.000000000
2180 1.000000000
2181 2.000000000
2182 2.000000000
2183 1.000000000
2184 3.000000000
2185 3.000000000
2186 2.000000000
2187 4.000000000
2188 4.000000000
2189 4.000000000
2190 2.000000000
2191 8.000000000
2192 3.000000000
2193 10.000000000
2194 1.000000000
2195 6.000000000
2196 7.000000000
2197 2.000000000
2198 1.000000000
2199 1.000000000
2200 10.000000000
2201 1.000000000
2202 6.000000000
2203 8.000000000
2204 2.000000000
2205 5.000000000
2206 2.000000000
2207 4.000000000
2208 1.000000000
2209 2.000000000
2210 3.000000000
2211 2.000000000
2212 3.000000000
2213 3.000000000
2214 2.000000000
2215 2.000000000
2216 2.000000000
2217 2.000000000
2218 2.000000000
2219 4.000000000
2220 1.000000000
2221 1.000000000
2222 1.000000000
2223 2.000000000
2224 4.000000000
2225 3.000000000
2226 2.000000000
2227 1.000000000
2228 2.000000000
2229 2.000000000
2230 1.000000000
2231 2.000000000
2232 3.000000000
2233 1.000000000
2234 5.000000000
2235 7.000000000
2236 7.000000000
2237 6.000000000
2238 3.000000000
2239 4.000000000
2240 2.000000000
2241 2.000000000
2242 2.000000000
2243 2.000000000
2244 2.000000000
2245 1.000000000
2246 3.000000000
2247 3.000000000
2248 4.000000000
2249 3.000000000
2250 1.000000000
2251 2.000000000
2252 4.000000000
2253 2.000000000
2254 2.000000000
2255 2.000000000
2256 4.000000000
2257 1.000000000
2258 1.000000000
2259 1.000000000
2260 1.000000000
2261 1.000000000
2262 1.000000000
2263 1.000000000
2264 1.000000000
2265 1.000000000
2266 1.000000000
2267 1.000000000
2268 1.000000000
2269 1.000000000
2270 1.000000000
2271 1.000000000
2272 1.000000000
2273 1.000000000
2274 1.000000000
2275 1.000000000
2276 1.000000000
2277 1.000000000
2278 1.000000000
2279 1.000000000
2280 1.000000000
2281 1.000000000
2282 1.000000000
2283 1.000000000
2284 1.000000000
2285 1.000000000
2286 1.000000000
2287 1.000000000
2288 1.000000000
2289 1.000000000
2290 1.000000000
2291 1.000000000
2292 1.000000000
2293 1.000000000
2294 1.000000000
2295 1.000000000
2296 1.000000000
2297 1.000000000
2298 1.000000000
2299 1.000000000
2300 1.000000000
2301 1.000000000
2302 1.000000000
2303 1.000000000
2304 1.000000000
2305 1.000000000
2306 1.000000000
2307 1.000000000
2308 1.000000000
2309 1.000000000
2310 1.000000000
2311 1.000000000
2312 1.000000000
2313 1.000000000
2314 1.000000000
2315 1.000000000
2316 1.000000000
2317 1.000000000
2318 1.000000000
2319 1.000000000
2320 1.000000000
2321 1.000000000
2322 1.000000000
2323 1.000000000
2324 1.000000000
2325 1.000000000
2326 1.000000000
2327 1.000000000
2328 1.000000000
2329 1.000000000
2330 1.000000000
2331 1.000000000
2332 1.000000000
2333 1.000000000
2334 1.000000000
2335 1.000000000
2336 1.000000000
2337 1.000000000
2338 1.000000000
2339 1.000000000
2340 1.000000000
2341 1.000000000
2342 1.000000000
2343 1.000000000
2344 1.000000000
2345 1.000000000
2346 1.000000000
2347 1.000000000
2348 1.000000000
2349 1.000000000
2350 1.000000000
2351 1.000000000
2352 1.000000000
2353 1.000000000
2354 1.000000000
2355 1.000000000
2356 1.000000000
2357 1.000000000
2358 1.000000000
2359 1.000000000
2360 1.000000000
2361 1.000000000
2362 1.000000000
2363 1.000000000
2364 2.000000000
2365 1.000000000
2366 1.000000000
2367 1.000000000
2368 1.000000000
2369 1.000000000
2370 1.000000000
2371 1.000000000
2372 1.000000000
2373 1.000000000
2374 1.000000000
2375 1.000000000
2376 1.000000000
2377 1.000000000
2378 2.000000000
2379 1.000000000
2380 1.000000000
2381 1.000000000
2382 1.000000000
2383 1.000000000
2384 1.000000000
2385 1.000000000
2386 1.000000000
2387 1.000000000
2388 1.000000000
2389 1.000000000
2390 2.000000000
2391 1.000000000
2392 1.000000000
2393 1.000000000
2394 1.000000000
2395 1.000000000
2396 1.000000000
2397 1.000000000
2398 1.000000000
2399 1.000000000
2400 1.000000000
2401 1.000000000
2402 1.000000000
2403 1.000000000
2404 1.000000000
2405 1.000000000
2406 1.000000000
2407 1.000000000
2408 2.000000000
2409 2.000000000
2410 2.000000000
2411 2.000000000
2412 2.000000000
2413 1.000000000
2414 1.000000000
2415 1.000000000
2416 1.000000000
2417 1.000000000
2418 1.000000000
2419 1.000000000
2420 1.000000000
2421 1.000000000
2422 1.000000000
2423 1.000000000
2424 1.000000000
2425 1.000000000
2426 2.000000000
2427 1.000000000
2428 2.000000000
2429 2.000000000
2430 2.000000000
2431 1.000000000
2432 1.000000000
2433 1.000000000
2434 2.000000000
2435 1.000000000
2436 1.000000000
2437 1.000000000
2438 1.000000000
2439 1.000000000
2440 1.000000000
2441 1.000000000
2442 1.000000000
2443 1.000000000
2444 1.000000000
2445 1.000000000
2446 2.000000000
2447 2.000000000
2448 1.000000000
2449 1.000000000
2450 1.000000000
2451 1.000000000
2452 1.000000000
2453 1.000000000
2454 1.000000000
2455 1.000000000
2456 1.000000000
2457 1.000000000
2458 2.000000000
2459 1.000000000
2460 2.000000000
2461 2.000000000
2462 2.000000000
2463 2.000000000
2464 1.000000000
2465 1.000000000
2466 1.000000000
2467 1.000000000
2468 1.000000000
2469 1.000000000
2470 1.000000000
2471 1.000000000
2472 1.000000000
2473 1.000000000
2474 1.000000000
2475 1.000000000
2476 1.000000000
2477 1.000000000
2478 2.000000000
2479 1.000000000
2480 1.000000000
2481 1.000000000
2482 1.000000000
2483 1.000000000
2484 1.000000000
2485 1.000000000
2486 1.000000000
2487 1.000000000
2488 3.000000000
2489 1.000000000
2490 1.000000000
2491 1.000000000
2492 1.000000000
2493 1.000000000
2494 2.000000000
2495 2.000000000
2496 3.000000000
2497 2.000000000
2498 1.000000000
2499 1.000000000
2500 1.000000000
2501 1.000000000
2502 1.000000000
2503 1.000000000
2504 1.000000000
2505 1.000000000
2506 1.000000000
2507 1.000000000
2508 1.000000000
2509 1.000000000
2510 1.000000000
2511 1.000000000
2512 1.000000000
2513 1.000000000
2514 1.000000000
2515 1.000000000
2516 1.000000000
2517 1.000000000
2518 1.000000000
2519 1.000000000
2520 1.000000000
2521 1.000000000
2522 1.000000000
2523 1.000000000
2524 1.000000000
2525 1.000000000
2526 1.000000000
2527 1.000000000
2528 1.000000000
2529 1.000000000
2530 4.000000000
2531 1.000000000
2532 2.000000000
2533 2.000000000
2534 1.000000000
2535 1.000000000
2536 1.000000000
2537 1.000000000
2538 2.000000000
2539 2.000000000
2540 1.000000000
2541 1.000000000
2542 1.000000000
2543 1.000000000
2544 1.000000000
2545 1.000000000
2546 1.000000000
2547 2.000000000
2548 1.000000000
2549 1.000000000
2550 1.000000000
2551 1.000000000
2552 1.000000000
2553 3.000000000
2554 4.000000000
2555 2.000000000
2556 5.000000000
2557 6.000000000
2558 3.000000000
2559 1.000000000
2560 1.000000000
2561 2.000000000
2562 1.000000000
2563 1.000000000
2564 1.000000000
2565 2.000000000
2566 1.000000000
2567 1.000000000
2568 3.000000000
2569 2.000000000
2570 1.000000000
2571 1.000000000
2572 1.000000000
2573 2.000000000
2574 2.000000000
2575 2.000000000
2576 2.000000000
2577 2.000000000
2578 2.000000000
2579 2.000000000
2580 2.000000000
2581 2.000000000
2582 2.000000000
2583 2.000000000
2584 2.000000000
2585 2.000000000
2586 2.000000000
2587 2.000000000
2588 2.000000000
2589 2.000000000
2590 2.000000000
2591 2.000000000
2592 2.000000000
2593 2.000000000
2594 2.000000000
2595 2.000000000
2596 2.000000000
2597 2.000000000
2598 2.000000000
2599 2.000000000
2600 2.000000000
2601 2.000000000
2602 2.000000000
2603 2.000000000
2604 2.000000000
2605 2.000000000
2606 2.000000000
2607 2.000000000
2608 2.000000000
2609 2.000000000
2610 2.000000000
2611 2.000000000
2612 2.000000000
2613 2.000000000
2614 2.000000000
2615 2.000000000
2616 2.000000000
2617 2.000000000
2618 2.000000000
2619 2.000000000
2620 2.000000000
2621 2.000000000
2622 2.000000000
2623 2.000000000
2624 2.000000000
2625 2.000000000
2626 2.000000000
2627 2.000000000
2628 2.000000000
2629 2.000000000
2630 2.000000000
2631 2.000000000
2632 2.000000000
2633 2.000000000
2634 2.000000000
2635 2.000000000
2636 2.000000000
2637 2.000000000
2638 2.000000000
2639 2.000000000
2640 2.000000000
2641 2.000000000
2642 2.000000000
2643 2.000000000
2644 2.000000000
2645 2.000000000
2646 2.000000000
2647 2.000000000
2648 2.000000000
2649 2.000000000
2650 2.000000000
2651 1.000000000
2652 1.000000000
2653 1.000000000
2654 1.000000000
2655 1.000000000
2656 1.000000000
2657 1.000000000
2658 1.000000000
2659 1.000000000
2660 1.000000000
2661 1.000000000
2662 1.000000000
2663 1.000000000
2664 1.000000000
2665 1.000000000
2666 1.000000000
2667 1.000000000
2668 1.000000000
2669 1.000000000
2670 1.000000000
2671 1.000000000
2672 1.000000000
2673 1.000000000
2674 1.000000000
2675 1.000000000
2676 1.000000000
2677 1.000000000
2678 1.000000000
2679 1.000000000
2680 1.000000000
2681 1.000000000
2682 3.000000000
2683 3.000000000
2684 4.000000000
2685 1.000000000
2686 1.000000000
2687 1.000000000
2688 1.000000000
2689 1.000000000
2690 1.000000000
2691 1.000000000
2692 1.000000000
2693 1.000000000
2694 1.000000000
2695 1.000000000
2696 1.000000000
2697 2.000000000
2698 2.000000000
2699 1.000000000
2700 2.000000000
2701 1.000000000
2702 1.000000000
2703 1.000000000
2704 2.000000000
2705 2.000000000
2706 1.000000000
2707 1.000000000
2708 1.000000000
2709 2.000000000
2710 1.000000000
2711 1.000000000
2712 1.000000000
2713 1.000000000
2714 1.000000000
2715 1.000000000
2716 1.000000000
2717 1.000000000
2718 1.000000000
2719 1.000000000
2720 1.000000000
2721 1.000000000
2722 1.000000000
2723 1.000000000
2724 1.000000000
2725 1.000000000
2726 1.000000000
2727 1.000000000
2728 2.000000000
2729 1.000000000
2730 1.000000000
2731 2.000000000
2732 2.000000000
2733 1.000000000
2734 1.000000000
2735 4.000000000
2736 2.000000000
2737 7.000000000
2738 3.000000000
2739 1.000000000
2740 1.000000000
2741 1.000000000
2742 3.000000000
2743 1.000000000
2744 1.000000000
2745 1.000000000
2746 1.000000000
2747 1.000000000
2748 5.000000000
2749 5.000000000
2750 1.000000000
2751 1.000000000
2752 1.000000000
2753 1.000000000
2754 1.000000000
2755 1.000000000
2756 1.000000000
2757 1.000000000
2758 3.000000000
2759 1.000000000
2760 3.000000000
2761 1.000000000
2762 2.000000000
2763 2.000000000
2764 1.000000000
2765 1.000000000
2766 2.000000000
2767 2.000000000
2768 1.000000000
2769 1.000000000
2770 1.000000000
2771 1.000000000
2772 1.000000000
2773 3.000000000
2774 3.000000000
2775 3.000000000
2776 3.000000000
2777 3.000000000
2778 3.000000000
2779 3.000000000
2780 2.000000000
2781 1.000000000
2782 1.000000000
2783 1.000000000
2784 2.000000000
2785 1.000000000
2786 1.000000000
2787 7.000000000
2788 7.000000000
2789 5.000000000
2790 6.000000000
2791 6.000000000
2792 4.000000000
2793 4.000000000
2794 4.000000000
2795 1.000000000
2796 2.000000000
2797 1.000000000
2798 1.000000000
