505356 0.088860200

0 13.000000000
1 35.000000000
2 7.000000000
3 195.000000000
4 233.000000000
5 207.000000000
6 205.000000000
7 49.000000000
8 49.000000000
9 20.000000000
10 6.000000000
11 6.000000000
12 192.000000000
13 191.000000000
14 191.000000000
15 6.000000000
16 6.000000000
17 26.000000000
18 26.000000000
19 26.000000000
20 26.000000000
21 130.000000000
22 14.000000000
23 14.000000000
24 148.000000000
25 186.000000000
26 190.000000000
27 190.000000000
28 171.000000000
29 43.000000000
30 157.000000000
31 204.000000000
32 229.000000000
33 23.000000000
34 23.000000000
35 23.000000000
36 23.000000000
37 5.000000000
38 175.000000000
39 167.000000000
40 167.000000000
41 174.000000000
42 32.000000000
43 32.000000000
44 32.000000000
45 147.000000000
46 147.000000000
47 147.000000000
48 147.000000000
49 147.000000000
50 147.000000000
51 275.000000000
52 258.000000000
53 33.000000000
54 180.000000000
55 180.000000000
56 56.000000000
57 7.000000000
58 179.000000000
59 191.000000000
60 231.000000000
61 163.000000000
62 161.000000000
63 161.000000000
64 161.000000000
65 161.000000000
66 161.000000000
67 161.000000000
68 161.000000000
69 161.000000000
70 161.000000000
71 161.000000000
72 161.000000000
73 161.000000000
74 161.000000000
75 161.000000000
76 161.000000000
77 161.000000000
78 161.000000000
79 161.000000000
80 161.000000000
81 161.000000000
82 161.000000000
83 161.000000000
84 161.000000000
85 161.000000000
86 194.000000000
87 172.000000000
88 172.000000000
89 174.000000000
90 199.000000000
91 79.000000000
92 79.000000000
93 79.000000000
94 79.000000000
95 79.000000000
96 79.000000000
97 79.000000000
98 79.000000000
99 96.000000000
100 178.000000000
101 176.000000000
102 164.000000000
103 184.000000000
104 174.000000000
105 174.000000000
106 174.000000000
107 176.000000000
108 164.000000000
109 165.000000000
110 170.000000000
111 94.000000000
112 233.000000000
113 81.000000000
114 99.000000000
115 96.000000000
116 81.000000000
117 85.000000000
118 107.000000000
119 102.000000000
120 241.000000000
121 142.000000000
122 148.000000000
123 142.000000000
124 141.000000000
125 141.000000000
126 141.000000000
127 141.000000000
128 141.000000000
129 141.000000000
130 141.000000000
131 141.000000000
132 141.000000000
133 141.000000000
134 141.000000000
135 141.000000000
136 141.000000000
137 141.000000000
138 141.000000000
139 141.000000000
140 141.000000000
141 141.000000000
142 141.000000000
143 141.000000000
144 141.000000000
145 141.000000000
146 141.000000000
147 141.000000000
148 141.000000000
149 141.000000000
150 141.000000000
151 141.000000000
152 141.000000000
153 141.000000000
154 141.000000000
155 141.000000000
156 141.000000000
157 141.000000000
158 141.000000000
159 141.000000000
160 141.000000000
161 141.000000000
162 141.000000000
163 141.000000000
164 141.000000000
165 174.000000000
166 174.000000000
167 174.000000000
168 142.000000000
169 142.000000000
170 142.000000000
171 145.000000000
172 152.000000000
173 141.000000000
174 141.000000000
175 144.000000000
176 144.000000000
177 144.000000000
178 155.000000000
179 155.000000000
180 166.000000000
181 145.000000000
182 144.000000000
183 146.000000000
184 160.000000000
185 264.000000000
186 167.000000000
187 156.000000000
188 156.000000000
189 167.000000000
190 173.000000000
191 26.000000000
192 30.000000000
193 26.000000000
194 22.000000000
195 17.000000000
196 22.000000000
197 97.000000000
198 62.000000000
199 102.000000000
200 17.000000000
201 17.000000000
202 17.000000000
203 17.000000000
204 7.000000000
205 7.000000000
206 8.000000000
207 6.000000000
208 3.000000000
209 3.000000000
210 2.000000000
211 1.000000000
212 3.000000000
213 3.000000000
214 3.000000000
215 38.000000000
216 178.000000000
217 106.000000000
218 106.000000000
219 7.000000000
220 4.000000000
221 2.000000000
222 152.000000000
223 29.000000000
224 29.000000000
225 29.000000000
226 29.000000000
227 29.000000000
228 29.000000000
229 30.000000000
230 43.000000000
231 118.000000000
232 63.000000000
233 44.000000000
234 35.000000000
235 2.000000000
236 41.000000000
237 2.000000000
238 2.000000000
239 11.000000000
240 7.000000000
241 4.000000000
242 4.000000000
243 4.000000000
244 4.000000000
245 8.000000000
246 4.000000000
247 39.000000000
248 5.000000000
249 153.000000000
250 13.000000000
251 10.000000000
252 10.000000000
253 10.000000000
254 10.000000000
255 10.000000000
256 10.000000000
257 10.000000000
258 10.000000000
259 10.000000000
260 10.000000000
261 1.000000000
262 6.000000000
263 7.000000000
264 36.000000000
265 55.000000000
266 20.000000000
267 4.000000000
268 5.000000000
269 5.000000000
270 4.000000000
271 8.000000000
272 15.000000000
273 13.000000000
274 6.000000000
275 13.000000000
276 17.000000000
277 17.000000000
278 17.000000000
279 9.000000000
280 9.000000000
281 9.000000000
282 2.000000000
283 2.000000000
284 10.000000000
285 10.000000000
286 10.000000000
287 10.000000000
288 10.000000000
289 10.000000000
290 10.000000000
291 10.000000000
292 4.000000000
293 4.000000000
294 4.000000000
295 4.000000000
296 6.000000000
297 2.000000000
298 3.000000000
299 2.000000000
300 2.000000000
301 2.000000000
302 42.000000000
303 42.000000000
304 42.000000000
305 39.000000000
306 39.000000000
307 39.000000000
308 39.000000000
309 39.000000000
310 39.000000000
311 39.000000000
312 36.000000000
313 36.000000000
314 36.000000000
315 14.000000000
316 35.000000000
317 35.000000000
318 13.000000000
319 13.000000000
320 13.000000000
321 35.000000000
322 35.000000000
323 35.000000000
324 35.000000000
325 35.000000000
326 35.000000000
327 35.000000000
328 44.000000000
329 35.000000000
330 35.000000000
331 35.000000000
332 35.000000000
333 35.000000000
334 35.000000000
335 35.000000000
336 35.000000000
337 35.000000000
338 35.000000000
339 35.000000000
340 37.000000000
341 5.000000000
342 5.000000000
343 5.000000000
344 2.000000000
345 2.000000000
346 2.000000000
347 2.000000000
348 8.000000000
349 8.000000000
350 8.000000000
351 8.000000000
352 8.000000000
353 8.000000000
354 8.000000000
355 10.000000000
356 99.000000000
357 1.000000000
358 1.000000000
359 138.000000000
360 9.000000000
361 2.000000000
362 1.000000000
363 11.000000000
364 8.000000000
365 8.000000000
366 19.000000000
367 24.000000000
368 17.000000000
369 64.000000000
370 159.000000000
371 3.000000000
372 106.000000000
373 63.000000000
374 9.000000000
375 22.000000000
376 15.000000000
377 22.000000000
378 39.000000000
379 18.000000000
380 18.000000000
381 22.000000000
382 6.000000000
383 9.000000000
384 9.000000000
385 9.000000000
386 111.000000000
387 34.000000000
388 56.000000000
389 75.000000000
390 27.000000000
391 18.000000000
392 24.000000000
393 1.000000000
394 18.000000000
395 135.000000000
396 17.000000000
397 17.000000000
398 17.000000000
399 74.000000000
400 80.000000000
401 119.000000000
402 70.000000000
403 45.000000000
404 78.000000000
405 78.000000000
406 78.000000000
407 78.000000000
408 78.000000000
409 78.000000000
410 78.000000000
411 78.000000000
412 78.000000000
413 78.000000000
414 78.000000000
415 78.000000000
416 78.000000000
417 115.000000000
418 129.000000000
419 141.000000000
420 122.000000000
421 122.000000000
422 122.000000000
423 122.000000000
424 122.000000000
425 122.000000000
426 122.000000000
427 122.000000000
428 122.000000000
429 122.000000000
430 122.000000000
431 122.000000000
432 122.000000000
433 150.000000000
434 150.000000000
435 150.000000000
436 150.000000000
437 150.000000000
438 150.000000000
439 150.000000000
440 150.000000000
441 157.000000000
442 157.000000000
443 169.000000000
444 122.000000000
445 122.000000000
446 122.000000000
447 122.000000000
448 122.000000000
449 122.000000000
450 122.000000000
451 122.000000000
452 122.000000000
453 122.000000000
454 122.000000000
455 122.000000000
456 122.000000000
457 154.000000000
458 154.000000000
459 154.000000000
460 154.000000000
461 154.000000000
462 154.000000000
463 154.000000000
464 154.000000000
465 156.000000000
466 129.000000000
467 126.000000000
468 126.000000000
469 126.000000000
470 126.000000000
471 126.000000000
472 126.000000000
473 126.000000000
474 126.000000000
475 126.000000000
476 145.000000000
477 82.000000000
478 78.000000000
479 78.000000000
480 78.000000000
481 78.000000000
482 136.000000000
483 132.000000000
484 132.000000000
485 132.000000000
486 132.000000000
487 132.000000000
488 132.000000000
489 103.000000000
490 103.000000000
491 103.000000000
492 103.000000000
493 103.000000000
494 103.000000000
495 103.000000000
496 103.000000000
497 103.000000000
498 103.000000000
499 103.000000000
500 103.000000000
501 103.000000000
502 103.000000000
503 103.000000000
504 103.000000000
505 103.000000000
506 122.000000000
507 148.000000000
508 108.000000000
509 28.000000000
510 26.000000000
511 24.000000000
512 58.000000000
513 58.000000000
514 58.000000000
515 58.000000000
516 58.000000000
517 58.000000000
518 58.000000000
519 58.000000000
520 58.000000000
521 58.000000000
522 58.000000000
523 58.000000000
524 58.000000000
525 58.000000000
526 58.000000000
527 58.000000000
528 58.000000000
529 58.000000000
530 58.000000000
531 58.000000000
532 58.000000000
533 60.000000000
534 59.000000000
535 66.000000000
536 1.000000000
537 23.000000000
538 12.000000000
539 4.000000000
540 4.000000000
541 7.000000000
542 23.000000000
543 19.000000000
544 19.000000000
545 19.000000000
546 19.000000000
547 19.000000000
548 24.000000000
549 32.000000000
550 1.000000000
551 18.000000000
552 3.000000000
553 1.000000000
554 1.000000000
555 12.000000000
556 37.000000000
557 40.000000000
558 41.000000000
559 30.000000000
560 6.000000000
561 5.000000000
562 11.000000000
563 22.000000000
564 17.000000000
565 47.000000000
566 27.000000000
567 3.000000000
568 4.000000000
569 7.000000000
570 7.000000000
571 7.000000000
572 3.000000000
573 3.000000000
574 2.000000000
575 2.000000000
576 1.000000000
577 2.000000000
578 33.000000000
579 10.000000000
580 11.000000000
581 11.000000000
582 11.000000000
583 12.000000000
584 46.000000000
585 6.000000000
586 2.000000000
587 16.000000000
588 16.000000000
589 5.000000000
590 3.000000000
591 8.000000000
592 79.000000000
593 5.000000000
594 9.000000000
595 7.000000000
596 7.000000000
597 7.000000000
598 2.000000000
599 13.000000000
600 25.000000000
601 55.000000000
602 5.000000000
603 19.000000000
604 13.000000000
605 10.000000000
606 20.000000000
607 8.000000000
608 8.000000000
609 8.000000000
610 23.000000000
611 2.000000000
612 2.000000000
613 3.000000000
614 4.000000000
615 14.000000000
616 16.000000000
617 9.000000000
618 29.000000000
619 28.000000000
620 1.000000000
621 5.000000000
622 48.000000000
623 2.000000000
624 26.000000000
625 8.000000000
626 10.000000000
627 10.000000000
628 4.000000000
629 4.000000000
630 1.000000000
631 6.000000000
632 17.000000000
633 5.000000000
634 5.000000000
635 5.000000000
636 2.000000000
637 2.000000000
638 2.000000000
639 4.000000000
640 7.000000000
641 3.000000000
642 5.000000000
643 5.000000000
644 5.000000000
645 6.000000000
646 8.000000000
647 23.000000000
648 4.000000000
649 4.000000000
650 39.000000000
651 32.000000000
652 1.000000000
653 11.000000000
654 11.000000000
655 11.000000000
656 3.000000000
657 9.000000000
658 6.000000000
659 25.000000000
660 37.000000000
661 38.000000000
662 28.000000000
663 12.000000000
664 18.000000000
665 18.000000000
666 8.000000000
667 7.000000000
668 7.000000000
669 7.000000000
670 7.000000000
671 21.000000000
672 31.000000000
673 27.000000000
674 22.000000000
675 20.000000000
676 9.000000000
677 7.000000000
678 24.000000000
679 41.000000000
680 11.000000000
681 24.000000000
682 2.000000000
683 6.000000000
684 2.000000000
685 3.000000000
686 3.000000000
687 3.000000000
688 5.000000000
689 3.000000000
690 5.000000000
691 2.000000000
692 1.000000000
693 11.000000000
694 12.000000000
695 6.000000000
696 8.000000000
697 2.000000000
698 2.000000000
699 18.000000000
700 38.000000000
701 143.000000000
702 16.000000000
703 16.000000000
704 24.000000000
705 16.000000000
706 16.000000000
707 16.000000000
708 24.000000000
709 16.000000000
710 16.000000000
711 19.000000000
712 4.000000000
713 4.000000000
714 2.000000000
715 2.000000000
716 3.000000000
717 5.000000000
718 4.000000000
719 1.000000000
720 2.000000000
721 9.000000000
722 31.000000000
723 15.000000000
724 14.000000000
725 25.000000000
726 6.000000000
727 15.000000000
728 15.000000000
729 15.000000000
730 15.000000000
731 15.000000000
732 15.000000000
733 12.000000000
734 12.000000000
735 9.000000000
736 3.000000000
737 10.000000000
738 7.000000000
739 5.000000000
740 4.000000000
741 3.000000000
742 2.000000000
743 4.000000000
744 4.000000000
745 5.000000000
746 4.000000000
747 6.000000000
748 6.000000000
749 6.000000000
750 15.000000000
751 16.000000000
752 14.000000000
753 4.000000000
754 4.000000000
755 4.000000000
756 88.000000000
757 75.000000000
758 9.000000000
759 6.000000000
760 7.000000000
761 6.000000000
762 3.000000000
763 5.000000000
764 4.000000000
765 4.000000000
766 2.000000000
767 2.000000000
768 5.000000000
769 5.000000000
770 5.000000000
771 18.000000000
772 20.000000000
773 23.000000000
774 15.000000000
775 15.000000000
776 5.000000000
777 7.000000000
778 7.000000000
779 5.000000000
780 3.000000000
781 1.000000000
782 2.000000000
783 2.000000000
784 4.000000000
785 1.000000000
786 4.000000000
787 2.000000000
788 5.000000000
789 2.000000000
790 10.000000000
791 28.000000000
792 3.000000000
793 6.000000000
794 7.000000000
795 1.000000000
796 24.000000000
797 11.000000000
798 7.000000000
799 38.000000000
800 2.000000000
801 6.000000000
802 3.000000000
803 2.000000000
804 2.000000000
805 3.000000000
806 1.000000000
807 2.000000000
808 4.000000000
809 1.000000000
810 1.000000000
811 53.000000000
812 4.000000000
813 8.000000000
814 7.000000000
815 5.000000000
816 6.000000000
817 4.000000000
818 3.000000000
819 2.000000000
820 1.000000000
821 8.000000000
822 20.000000000
823 22.000000000
824 2.000000000
825 2.000000000
826 13.000000000
827 3.000000000
828 10.000000000
829 12.000000000
830 18.000000000
831 33.000000000
832 10.000000000
833 10.000000000
834 12.000000000
835 14.000000000
836 18.000000000
837 12.000000000
838 3.000000000
839 14.000000000
840 7.000000000
841 3.000000000
842 4.000000000
843 3.000000000
844 6.000000000
845 9.000000000
846 10.000000000
847 8.000000000
848 4.000000000
849 2.000000000
850 2.000000000
851 8.000000000
852 3.000000000
853 4.000000000
854 3.000000000
855 7.000000000
856 2.000000000
857 5.000000000
858 5.000000000
859 2.000000000
860 11.000000000
861 4.000000000
862 7.000000000
863 6.000000000
864 5.000000000
865 21.000000000
866 4.000000000
867 8.000000000
868 12.000000000
869 3.000000000
870 7.000000000
871 4.000000000
872 3.000000000
873 3.000000000
874 2.000000000
875 3.000000000
876 3.000000000
877 3.000000000
878 14.000000000
879 29.000000000
880 3.000000000
881 4.000000000
882 3.000000000
883 18.000000000
884 3.000000000
885 3.000000000
886 4.000000000
887 3.000000000
888 72.000000000
889 99.000000000
890 96.000000000
891 15.000000000
892 19.000000000
893 7.000000000
894 28.000000000
895 4.000000000
896 27.000000000
897 58.000000000
898 2.000000000
899 2.000000000
900 5.000000000
901 1.000000000
902 7.000000000
903 9.000000000
904 46.000000000
905 53.000000000
906 93.000000000
907 57.000000000
908 66.000000000
909 2.000000000
910 2.000000000
911 2.000000000
912 2.000000000
913 6.000000000
914 3.000000000
915 10.000000000
916 7.000000000
917 7.000000000
918 1.000000000
919 17.000000000
920 38.000000000
921 2.000000000
922 18.000000000
923 14.000000000
924 10.000000000
925 13.000000000
926 48.000000000
927 48.000000000
928 45.000000000
929 45.000000000
930 47.000000000
931 2.000000000
932 40.000000000
933 44.000000000
934 44.000000000
935 44.000000000
936 44.000000000
937 44.000000000
938 44.000000000
939 44.000000000
940 44.000000000
941 44.000000000
942 44.000000000
943 44.000000000
944 44.000000000
945 44.000000000
946 45.000000000
947 44.000000000
948 45.000000000
949 45.000000000
950 45.000000000
951 44.000000000
952 44.000000000
953 43.000000000
954 44.000000000
955 44.000000000
956 44.000000000
957 44.000000000
958 44.000000000
959 43.000000000
960 43.000000000
961 43.000000000
962 44.000000000
963 44.000000000
964 44.000000000
965 44.000000000
966 44.000000000
967 44.000000000
968 44.000000000
969 44.000000000
970 44.000000000
971 44.000000000
972 5.000000000
973 10.000000000
974 4.000000000
975 5.000000000
976 1.000000000
977 3.000000000
978 3.000000000
979 4.000000000
980 11.000000000
981 2.000000000
982 4.000000000
983 10.000000000
984 2.000000000
985 6.000000000
986 10.000000000
987 2.000000000
988 4.000000000
989 1.000000000
990 9.000000000
991 3.000000000
992 2.000000000
993 3.000000000
994 5.000000000
995 17.000000000
996 9.000000000
997 15.000000000
998 24.000000000
999 26.000000000
1000 2.000000000
1001 2.000000000
1002 9.000000000
1003 3.000000000
1004 11.000000000
1005 2.000000000
1006 1.000000000
1007 5.000000000
1008 14.000000000
1009 12.000000000
1010 2.000000000
1011 2.000000000
1012 1.000000000
1013 5.000000000
1014 12.000000000
1015 1.000000000
1016 4.000000000
1017 18.000000000
1018 5.000000000
1019 2.000000000
1020 2.000000000
1021 5.000000000
1022 1.000000000
1023 3.000000000
1024 1.000000000
1025 3.000000000
1026 2.000000000
1027 3.000000000
1028 3.000000000
1029 3.000000000
1030 6.000000000
1031 2.000000000
1032 2.000000000
1033 1.000000000
1034 2.000000000
1035 1.000000000
1036 3.000000000
1037 3.000000000
1038 2.000000000
1039 2.000000000
1040 8.000000000
1041 10.000000000
1042 10.000000000
1043 10.000000000
1044 10.000000000
1045 10.000000000
1046 8.000000000
1047 8.000000000
1048 60.000000000
1049 69.000000000
1050 16.000000000
1051 20.000000000
1052 6.000000000
1053 74.000000000
1054 32.000000000
1055 12.000000000
1056 9.000000000
1057 14.000000000
1058 11.000000000
1059 11.000000000
1060 11.000000000
1061 11.000000000
1062 41.000000000
1063 52.000000000
1064 9.000000000
1065 6.000000000
1066 26.000000000
1067 6.000000000
1068 6.000000000
1069 5.000000000
1070 3.000000000
1071 86.000000000
1072 36.000000000
1073 37.000000000
1074 26.000000000
1075 26.000000000
1076 26.000000000
1077 26.000000000
1078 26.000000000
1079 26.000000000
1080 26.000000000
1081 26.000000000
1082 28.000000000
1083 31.000000000
1084 36.000000000
1085 64.000000000
1086 71.000000000
1087 78.000000000
1088 49.000000000
1089 49.000000000
1090 64.000000000
1091 3.000000000
1092 3.000000000
1093 15.000000000
1094 34.000000000
1095 54.000000000
1096 19.000000000
1097 27.000000000
1098 27.000000000
1099 26.000000000
1100 13.000000000
1101 20.000000000
1102 11.000000000
1103 24.000000000
1104 24.000000000
1105 24.000000000
1106 31.000000000
1107 21.000000000
1108 9.000000000
1109 19.000000000
1110 12.000000000
1111 12.000000000
1112 2.000000000
1113 3.000000000
1114 3.000000000
1115 3.000000000
1116 27.000000000
1117 17.000000000
1118 3.000000000
1119 45.000000000
1120 73.000000000
1121 29.000000000
1122 64.000000000
1123 43.000000000
1124 43.000000000
1125 29.000000000
1126 39.000000000
1127 25.000000000
1128 27.000000000
1129 27.000000000
1130 27.000000000
1131 27.000000000
1132 27.000000000
1133 27.000000000
1134 27.000000000
1135 50.000000000
1136 50.000000000
1137 35.000000000
1138 16.000000000
1139 15.000000000
1140 15.000000000
1141 15.000000000
1142 19.000000000
1143 6.000000000
1144 5.000000000
1145 1.000000000
1146 12.000000000
1147 12.000000000
1148 12.000000000
1149 17.000000000
1150 17.000000000
1151 17.000000000
1152 17.000000000
1153 17.000000000
1154 17.000000000
1155 17.000000000
1156 17.000000000
1157 17.000000000
1158 13.000000000
1159 13.000000000
1160 13.000000000
1161 7.000000000
1162 7.000000000
1163 7.000000000
1164 7.000000000
1165 7.000000000
1166 19.000000000
1167 25.000000000
1168 12.000000000
1169 105.000000000
1170 32.000000000
1171 9.000000000
1172 46.000000000
1173 2.000000000
1174 12.000000000
1175 17.000000000
1176 3.000000000
1177 18.000000000
1178 37.000000000
1179 14.000000000
1180 4.000000000
1181 7.000000000
1182 7.000000000
1183 7.000000000
1184 7.000000000
1185 61.000000000
1186 75.000000000
1187 22.000000000
1188 26.000000000
1189 28.000000000
1190 11.000000000
1191 11.000000000
1192 11.000000000
1193 11.000000000
1194 11.000000000
1195 17.000000000
1196 46.000000000
1197 12.000000000
1198 14.000000000
1199 28.000000000
1200 12.000000000
1201 12.000000000
1202 14.000000000
1203 3.000000000
1204 3.000000000
1205 42.000000000
1206 42.000000000
1207 42.000000000
1208 42.000000000
1209 42.000000000
1210 42.000000000
1211 42.000000000
1212 36.000000000
1213 36.000000000
1214 36.000000000
1215 36.000000000
1216 36.000000000
1217 36.000000000
1218 36.000000000
1219 36.000000000
1220 36.000000000
1221 36.000000000
1222 36.000000000
1223 36.000000000
1224 36.000000000
1225 53.000000000
1226 12.000000000
1227 12.000000000
1228 12.000000000
1229 12.000000000
1230 12.000000000
1231 12.000000000
1232 2.000000000
1233 1.000000000
1234 14.000000000
1235 3.000000000
1236 3.000000000
1237 2.000000000
1238 4.000000000
1239 2.000000000
1240 3.000000000
1241 3.000000000
1242 8.000000000
1243 6.000000000
1244 21.000000000
1245 29.000000000
1246 3.000000000
1247 12.000000000
1248 1.000000000
1249 2.000000000
1250 3.000000000
1251 2.000000000
1252 8.000000000
1253 2.000000000
1254 3.000000000
1255 2.000000000
1256 2.000000000
1257 58.000000000
1258 53.000000000
1259 108.000000000
1260 76.000000000
1261 43.000000000
1262 50.000000000
1263 56.000000000
1264 55.000000000
1265 38.000000000
1266 13.000000000
1267 23.000000000
1268 41.000000000
1269 24.000000000
1270 19.000000000
1271 10.000000000
1272 11.000000000
1273 11.000000000
1274 11.000000000
1275 85.000000000
1276 36.000000000
1277 18.000000000
1278 54.000000000
1279 23.000000000
1280 33.000000000
1281 13.000000000
1282 56.000000000
1283 3.000000000
1284 46.000000000
1285 15.000000000
1286 11.000000000
1287 11.000000000
1288 19.000000000
1289 3.000000000
1290 15.000000000
1291 3.000000000
1292 6.000000000
1293 41.000000000
1294 2.000000000
1295 17.000000000
1296 25.000000000
1297 32.000000000
1298 16.000000000
1299 24.000000000
1300 25.000000000
1301 20.000000000
1302 12.000000000
1303 12.000000000
1304 22.000000000
1305 22.000000000
1306 16.000000000
1307 16.000000000
1308 16.000000000
1309 17.000000000
1310 16.000000000
1311 4.000000000
1312 2.000000000
1313 4.000000000
1314 54.000000000
1315 9.000000000
1316 9.000000000
1317 25.000000000
1318 9.000000000
1319 9.000000000
1320 18.000000000
1321 26.000000000
1322 23.000000000
1323 22.000000000
1324 22.000000000
1325 9.000000000
1326 5.000000000
1327 3.000000000
1328 3.000000000
1329 1.000000000
1330 12.000000000
1331 20.000000000
1332 2.000000000
1333 19.000000000
1334 10.000000000
1335 2.000000000
1336 56.000000000
1337 8.000000000
1338 8.000000000
1339 6.000000000
1340 8.000000000
1341 8.000000000
1342 8.000000000
1343 13.000000000
1344 13.000000000
1345 13.000000000
1346 12.000000000
1347 6.000000000
1348 6.000000000
1349 11.000000000
1350 11.000000000
1351 11.000000000
1352 8.000000000
1353 1.000000000
1354 5.000000000
1355 3.000000000
1356 7.000000000
1357 7.000000000
1358 4.000000000
1359 5.000000000
1360 2.000000000
1361 1.000000000
1362 1.000000000
1363 1.000000000
1364 19.000000000
1365 2.000000000
1366 2.000000000
1367 2.000000000
1368 1.000000000
1369 2.000000000
1370 3.000000000
1371 5.000000000
1372 9.000000000
1373 19.000000000
1374 2.000000000
1375 1.000000000
1376 1.000000000
1377 21.000000000
1378 17.000000000
1379 17.000000000
1380 18.000000000
1381 40.000000000
1382 16.000000000
1383 16.000000000
1384 16.000000000
1385 21.000000000
1386 16.000000000
1387 16.000000000
1388 27.000000000
1389 9.000000000
1390 9.000000000
1391 9.000000000
1392 12.000000000
1393 12.000000000
1394 12.000000000
1395 12.000000000
1396 12.000000000
1397 12.000000000
1398 12.000000000
1399 6.000000000
1400 11.000000000
1401 11.000000000
1402 11.000000000
1403 11.000000000
1404 11.000000000
1405 10.000000000
1406 10.000000000
1407 10.000000000
1408 10.000000000
1409 10.000000000
1410 2.000000000
1411 1.000000000
1412 1.000000000
1413 9.000000000
1414 9.000000000
1415 9.000000000
1416 9.000000000
1417 12.000000000
1418 30.000000000
1419 13.000000000
1420 2.000000000
1421 21.000000000
1422 2.000000000
1423 2.000000000
1424 62.000000000
1425 12.000000000
1426 10.000000000
1427 10.000000000
1428 10.000000000
1429 10.000000000
1430 10.000000000
1431 14.000000000
1432 12.000000000
1433 12.000000000
1434 8.000000000
1435 8.000000000
1436 8.000000000
1437 8.000000000
1438 58.000000000
1439 53.000000000
1440 49.000000000
1441 27.000000000
1442 7.000000000
1443 7.000000000
1444 7.000000000
1445 12.000000000
1446 13.000000000
1447 30.000000000
1448 21.000000000
1449 35.000000000
1450 17.000000000
1451 17.000000000
1452 17.000000000
1453 23.000000000
1454 22.000000000
1455 22.000000000
1456 22.000000000
1457 22.000000000
1458 22.000000000
1459 37.000000000
1460 24.000000000
1461 53.000000000
1462 48.000000000
1463 15.000000000
1464 15.000000000
1465 15.000000000
1466 58.000000000
1467 32.000000000
1468 1.000000000
1469 3.000000000
1470 26.000000000
1471 5.000000000
1472 5.000000000
1473 5.000000000
1474 4.000000000
1475 2.000000000
1476 7.000000000
1477 8.000000000
1478 8.000000000
1479 9.000000000
1480 1.000000000
1481 5.000000000
1482 2.000000000
1483 3.000000000
1484 1.000000000
1485 1.000000000
1486 1.000000000
1487 17.000000000
1488 52.000000000
1489 43.000000000
1490 40.000000000
1491 43.000000000
1492 43.000000000
1493 43.000000000
1494 38.000000000
1495 36.000000000
1496 39.000000000
1497 34.000000000
1498 34.000000000
1499 36.000000000
1500 34.000000000
1501 39.000000000
1502 34.000000000
1503 33.000000000
1504 14.000000000
1505 34.000000000
1506 34.000000000
1507 34.000000000
1508 33.000000000
1509 33.000000000
1510 33.000000000
1511 33.000000000
1512 33.000000000
1513 33.000000000
1514 33.000000000
1515 33.000000000
1516 33.000000000
1517 33.000000000
1518 33.000000000
1519 1.000000000
1520 24.000000000
1521 28.000000000
1522 2.000000000
1523 2.000000000
1524 6.000000000
1525 1.000000000
1526 1.000000000
1527 1.000000000
1528 6.000000000
1529 1.000000000
1530 8.000000000
1531 6.000000000
1532 3.000000000
1533 1.000000000
1534 2.000000000
1535 7.000000000
1536 1.000000000
1537 10.000000000
1538 1.000000000
1539 1.000000000
1540 26.000000000
1541 2.000000000
1542 2.000000000
1543 2.000000000
1544 13.000000000
1545 12.000000000
1546 12.000000000
1547 1.000000000
1548 2.000000000
1549 2.000000000
1550 1.000000000
1551 7.000000000
1552 4.000000000
1553 2.000000000
1554 3.000000000
1555 3.000000000
1556 19.000000000
1557 1.000000000
1558 1.000000000
1559 2.000000000
1560 2.000000000
1561 8.000000000
1562 11.000000000
1563 47.000000000
1564 8.000000000
1565 5.000000000
1566 1.000000000
1567 1.000000000
1568 1.000000000
1569 2.000000000
1570 3.000000000
1571 2.000000000
1572 7.000000000
1573 65.000000000
1574 6.000000000
1575 2.000000000
1576 3.000000000
1577 12.000000000
1578 27.000000000
1579 3.000000000
1580 3.000000000
1581 3.000000000
1582 18.000000000
1583 4.000000000
1584 20.000000000
1585 20.000000000
1586 11.000000000
1587 3.000000000
1588 4.000000000
1589 3.000000000
1590 2.000000000
1591 2.000000000
1592 2.000000000
1593 2.000000000
1594 2.000000000
1595 29.000000000
1596 4.000000000
1597 3.000000000
1598 3.000000000
1599 8.000000000
1600 8.000000000
1601 28.000000000
1602 3.000000000
1603 3.000000000
1604 2.000000000
1605 11.000000000
1606 3.000000000
1607 4.000000000
1608 4.000000000
1609 14.000000000
1610 15.000000000
1611 15.000000000
1612 15.000000000
1613 15.000000000
1614 9.000000000
1615 7.000000000
1616 11.000000000
1617 2.000000000
1618 4.000000000
1619 11.000000000
1620 8.000000000
1621 14.000000000
1622 13.000000000
1623 4.000000000
1624 4.000000000
1625 4.000000000
1626 4.000000000
1627 4.000000000
1628 2.000000000
1629 3.000000000
1630 50.000000000
1631 3.000000000
1632 3.000000000
1633 49.000000000
1634 4.000000000
1635 16.000000000
1636 11.000000000
1637 5.000000000
1638 7.000000000
1639 8.000000000
1640 12.000000000
1641 2.000000000
1642 22.000000000
1643 13.000000000
1644 7.000000000
1645 7.000000000
1646 8.000000000
1647 72.000000000
1648 69.000000000
1649 44.000000000
1650 11.000000000
1651 9.000000000
1652 9.000000000
1653 2.000000000
1654 7.000000000
1655 2.000000000
1656 9.000000000
1657 1.000000000
1658 6.000000000
1659 2.000000000
1660 1.000000000
1661 43.000000000
1662 17.000000000
1663 24.000000000
1664 4.000000000
1665 26.000000000
1666 60.000000000
1667 11.000000000
1668 11.000000000
1669 11.000000000
1670 14.000000000
1671 49.000000000
1672 50.000000000
1673 16.000000000
1674 2.000000000
1675 4.000000000
1676 11.000000000
1677 11.000000000
1678 11.000000000
1679 11.000000000
1680 24.000000000
1681 24.000000000
1682 24.000000000
1683 24.000000000
1684 24.000000000
1685 24.000000000
1686 24.000000000
1687 24.000000000
1688 24.000000000
1689 25.000000000
1690 3.000000000
1691 3.000000000
1692 21.000000000
1693 8.000000000
1694 9.000000000
1695 9.000000000
1696 10.000000000
1697 8.000000000
1698 10.000000000
1699 8.000000000
1700 8.000000000
1701 2.000000000
1702 5.000000000
1703 1.000000000
1704 2.000000000
1705 4.000000000
1706 9.000000000
1707 4.000000000
1708 10.000000000
1709 11.000000000
1710 3.000000000
1711 3.000000000
1712 4.000000000
1713 4.000000000
1714 3.000000000
1715 2.000000000
1716 2.000000000
1717 2.000000000
1718 4.000000000
1719 2.000000000
1720 2.000000000
1721 2.000000000
1722 3.000000000
1723 3.000000000
1724 3.000000000
1725 2.000000000
1726 2.000000000
1727 2.000000000
1728 5.000000000
1729 3.000000000
1730 7.000000000
1731 5.000000000
1732 5.000000000
1733 5.000000000
1734 5.000000000
1735 5.000000000
1736 2.000000000
1737 2.000000000
1738 1.000000000
1739 1.000000000
1740 4.000000000
1741 1.000000000
1742 2.000000000
1743 2.000000000
1744 3.000000000
1745 3.000000000
1746 2.000000000
1747 11.000000000
1748 2.000000000
1749 7.000000000
1750 7.000000000
1751 7.000000000
1752 8.000000000
1753 9.000000000
1754 9.000000000
1755 7.000000000
1756 2.000000000
1757 2.000000000
1758 2.000000000
1759 2.000000000
1760 7.000000000
1761 3.000000000
1762 3.000000000
1763 3.000000000
1764 4.000000000
1765 6.000000000
1766 4.000000000
1767 6.000000000
1768 3.000000000
1769 2.000000000
1770 1.000000000
1771 2.000000000
1772 2.000000000
1773 4.000000000
1774 7.000000000
1775 2.000000000
1776 4.000000000
1777 1.000000000
1778 3.000000000
1779 3.000000000
1780 4.000000000
1781 3.000000000
1782 2.000000000
1783 15.000000000
1784 22.000000000
1785 22.000000000
1786 11.000000000
1787 10.000000000
1788 11.000000000
1789 10.000000000
1790 19.000000000
1791 15.000000000
1792 15.000000000
1793 15.000000000
1794 15.000000000
1795 7.000000000
1796 3.000000000
1797 2.000000000
1798 10.000000000
1799 1.000000000
1800 3.000000000
1801 8.000000000
1802 4.000000000
1803 2.000000000
1804 6.000000000
1805 4.000000000
1806 4.000000000
1807 4.000000000
1808 4.000000000
1809 2.000000000
1810 1.000000000
1811 1.000000000
1812 3.000000000
1813 1.000000000
1814 3.000000000
1815 3.000000000
1816 2.000000000
1817 2.000000000
1818 5.000000000
1819 11.000000000
1820 2.000000000
1821 2.000000000
1822 2.000000000
1823 3.000000000
1824 2.000000000
1825 2.000000000
1826 1.000000000
1827 6.000000000
1828 1.000000000
1829 1.000000000
1830 3.000000000
1831 12.000000000
1832 5.000000000
1833 5.000000000
1834 5.000000000
1835 5.000000000
1836 5.000000000
1837 2.000000000
1838 2.000000000
1839 8.000000000
1840 8.000000000
1841 8.000000000
1842 8.000000000
1843 8.000000000
1844 8.000000000
1845 8.000000000
1846 8.000000000
1847 7.000000000
1848 8.000000000
1849 8.000000000
1850 6.000000000
1851 5.000000000
1852 4.000000000
1853 4.000000000
1854 4.000000000
1855 1.000000000
1856 8.000000000
1857 5.000000000
1858 4.000000000
1859 2.000000000
1860 14.000000000
1861 1.000000000
1862 11.000000000
1863 1.000000000
1864 11.000000000
1865 4.000000000
1866 3.000000000
1867 7.000000000
1868 7.000000000
1869 7.000000000
1870 6.000000000
1871 10.000000000
1872 20.000000000
1873 7.000000000
1874 2.000000000
1875 2.000000000
1876 2.000000000
1877 23.000000000
1878 11.000000000
1879 3.000000000
1880 4.000000000
1881 3.000000000
1882 17.000000000
1883 8.000000000
1884 4.000000000
1885 3.000000000
1886 2.000000000
1887 16.000000000
1888 3.000000000
1889 11.000000000
1890 3.000000000
1891 3.000000000
1892 5.000000000
1893 2.000000000
1894 1.000000000
1895 3.000000000
1896 3.000000000
1897 5.000000000
1898 13.000000000
1899 11.000000000
1900 13.000000000
1901 12.000000000
1902 10.000000000
1903 5.000000000
1904 6.000000000
1905 12.000000000
1906 4.000000000
1907 2.000000000
1908 3.000000000
1909 4.000000000
1910 15.000000000
1911 10.000000000
1912 2.000000000
1913 9.000000000
1914 4.000000000
1915 2.000000000
1916 2.000000000
1917 2.000000000
1918 4.000000000
1919 3.000000000
1920 1.000000000
1921 3.000000000
1922 2.000000000
1923 4.000000000
1924 4.000000000
1925 1.000000000
1926 4.000000000
1927 7.000000000
1928 7.000000000
1929 7.000000000
1930 3.000000000
1931 5.000000000
1932 5.000000000
1933 1.000000000
1934 2.000000000
1935 2.000000000
1936 5.000000000
1937 3.000000000
1938 5.000000000
1939 4.000000000
1940 1.000000000
1941 3.000000000
1942 3.000000000
1943 3.000000000
1944 12.000000000
1945 11.000000000
1946 4.000000000
1947 5.000000000
1948 5.000000000
1949 4.000000000
1950 1.000000000
1951 7.000000000
1952 3.000000000
1953 4.000000000
1954 4.000000000
1955 4.000000000
1956 4.000000000
1957 2.000000000
1958 1.000000000
1959 52.000000000
1960 1.000000000
1961 1.000000000
1962 1.000000000
1963 13.000000000
1964 2.000000000
1965 2.000000000
1966 5.000000000
1967 4.000000000
1968 6.000000000
1969 6.000000000
1970 5.000000000
1971 4.000000000
1972 10.000000000
1973 5.000000000
1974 2.000000000
1975 13.000000000
1976 2.000000000
1977 3.000000000
1978 2.000000000
1979 2.000000000
1980 5.000000000
1981 2.000000000
1982 2.000000000
1983 2.000000000
1984 12.000000000
1985 4.000000000
1986 4.000000000
1987 2.000000000
1988 5.000000000
1989 2.000000000
1990 4.000000000
1991 4.000000000
1992 7.000000000
1993 5.000000000
1994 7.000000000
1995 2.000000000
1996 3.000000000
1997 2.000000000
1998 4.000000000
1999 2.000000000
2000 2.000000000
2001 2.000000000
2002 10.000000000
2003 4.000000000
2004 2.000000000
2005 5.000000000
2006 7.000000000
2007 2.000000000
2008 5.000000000
2009 5.000000000
2010 5.000000000
2011 5.000000000
2012 2.000000000
2013 3.000000000
2014 1.000000000
2015 9.000000000
2016 11.000000000
2017 29.000000000
2018 7.000000000
2019 2.000000000
2020 2.000000000
2021 2.000000000
2022 3.000000000
2023 3.000000000
2024 31.000000000
2025 2.000000000
2026 2.000000000
2027 2.000000000
2028 2.000000000
2029 3.000000000
2030 3.000000000
2031 6.000000000
2032 2.000000000
2033 2.000000000
2034 2.000000000
2035 3.000000000
2036 4.000000000
2037 2.000000000
2038 2.000000000
2039 2.000000000
2040 2.000000000
2041 2.000000000
2042 8.000000000
2043 1.000000000
2044 5.000000000
2045 2.000000000
2046 2.000000000
2047 3.000000000
2048 3.000000000
2049 3.000000000
2050 2.000000000
2051 4.000000000
2052 4.000000000
2053 4.000000000
2054 6.000000000
2055 11.000000000
2056 3.000000000
2057 3.000000000
2058 1.000000000
2059 1.000000000
2060 3.000000000
2061 1.000000000
2062 3.000000000
2063 3.000000000
2064 3.000000000
2065 3.000000000
2066 1.000000000
2067 2.000000000
2068 1.000000000
2069 5.000000000
2070 6.000000000
2071 4.000000000
2072 3.000000000
2073 3.000000000
2074 7.000000000
2075 4.000000000
2076 1.000000000
2077 2.000000000
2078 2.000000000
2079 2.000000000
2080 3.000000000
2081 3.000000000
2082 1.000000000
2083 5.000000000
2084 1.000000000
2085 6.000000000
2086 4.000000000
2087 3.000000000
2088 3.000000000
2089 6.000000000
2090 2.000000000
2091 2.000000000
2092 2.000000000
2093 2.000000000
2094 4.000000000
2095 3.000000000
2096 15.000000000
2097 15.000000000
2098 15.000000000
2099 15.000000000
2100 14.000000000
2101 14.000000000
2102 14.000000000
2103 17.000000000
2104 17.000000000
2105 17.000000000
2106 17.000000000
2107 18.000000000
2108 18.000000000
2109 18.000000000
2110 4.000000000
2111 10.000000000
2112 10.000000000
2113 10.000000000
2114 8.000000000
2115 14.000000000
2116 4.000000000
2117 4.000000000
2118 7.000000000
2119 17.000000000
2120 3.000000000
2121 9.000000000
2122 4.000000000
2123 2.000000000
2124 1.000000000
2125 5.000000000
2126 11.000000000
2127 9.000000000
2128 9.000000000
2129 11.000000000
2130 12.000000000
2131 12.000000000
2132 12.000000000
2133 7.000000000
2134 8.000000000
2135 3.000000000
2136 10.000000000
2137 2.000000000
2138 2.000000000
2139 3.000000000
2140 3.000000000
2141 11.000000000
2142 2.000000000
2143 2.000000000
2144 8.000000000
2145 2.000000000
2146 2.000000000
2147 2.000000000
2148 2.000000000
2149 2.000000000
2150 2.000000000
2151 3.000000000
2152 2.000000000
2153 1.000000000
2154 4.000000000
2155 4.000000000
2156 4.000000000
2157 4.000000000
2158 9.000000000
2159 9.000000000
2160 9.000000000
2161 9.000000000
2162 9.000000000
2163 9.000000000
2164 9.000000000
2165 9.000000000
2166 9.000000000
2167 4.000000000
2168 1.000000000
2169 1.000000000
2170 2.000000000
2171 4.000000000
2172 2.000000000
2173 2.000000000
2174 6.000000000
2175 3.000000000
2176 1.000000000
2177 2.000000000
2178 2.000000000
2179 2.000000000
2180 2.000000000
2181 5.000000000
2182 5.000000000
2183 5.000000000
2184 6.000000000
2185 6.000000000
2186 5.000000000
2187 9.000000000
2188 6.000000000
2189 6.000000000
2190 6.000000000
2191 11.000000000
2192 5.000000000
2193 13.000000000
2194 4.000000000
2195 14.000000000
2196 9.000000000
2197 6.000000000
2198 3.000000000
2199 1.000000000
2200 9.000000000
2201 1.000000000
2202 10.000000000
2203 9.000000000
2204 3.000000000
2205 9.000000000
2206 7.000000000
2207 10.000000000
2208 3.000000000
2209 5.000000000
2210 6.000000000
2211 5.000000000
2212 9.000000000
2213 9.000000000
2214 8.000000000
2215 8.000000000
2216 8.000000000
2217 8.000000000
2218 8.000000000
2219 10.000000000
2220 8.000000000
2221 2.000000000
2222 2.000000000
2223 3.000000000
2224 3.000000000
2225 2.000000000
2226 3.000000000
2227 1.000000000
2228 3.000000000
2229 4.000000000
2230 1.000000000
2231 2.000000000
2232 4.000000000
2233 2.000000000
2234 12.000000000
2235 12.000000000
2236 12.000000000
2237 12.000000000
2238 12.000000000
2239 12.000000000
2240 12.000000000
2241 12.000000000
2242 12.000000000
2243 12.000000000
2244 12.000000000
2245 12.000000000
2246 3.000000000
2247 3.000000000
2248 4.000000000
2249 3.000000000
2250 1.000000000
2251 2.000000000
2252 4.000000000
2253 2.000000000
2254 2.000000000
2255 2.000000000
2256 4.000000000
2257 1.000000000
2258 1.000000000
2259 1.000000000
2260 1.000000000
2261 1.000000000
2262 1.000000000
2263 1.000000000
2264 1.000000000
2265 3.000000000
2266 3.000000000
2267 3.000000000
2268 3.000000000
2269 1.000000000
2270 1.000000000
2271 1.000000000
2272 1.000000000
2273 1.000000000
2274 1.000000000
2278 1.000000000
2279 1.000000000
2281 2.000000000
2282 2.000000000
2283 2.000000000
2284 3.000000000
2285 3.000000000
2286 3.000000000
2287 3.000000000
2288 2.000000000
2289 2.000000000
2290 2.000000000
2291 1.000000000
2292 1.000000000
2293 1.000000000
2294 1.000000000
2295 1.000000000
2296 1.000000000
2297 1.000000000
2298 1.000000000
2299 4.000000000
2300 4.000000000
2301 4.000000000
2302 4.000000000
2303 4.000000000
2304 1.000000000
2305 1.000000000
2306 6.000000000
2307 6.000000000
2308 6.000000000
2309 6.000000000
2310 6.000000000
2311 6.000000000
2312 6.000000000
2313 1.000000000
2314 1.000000000
2315 2.000000000
2316 2.000000000
2317 2.000000000
2318 1.000000000
2319 1.000000000
2320 3.000000000
2321 3.000000000
2322 3.000000000
2323 3.000000000
2324 4.000000000
2325 4.000000000
2326 4.000000000
2327 4.000000000
2328 4.000000000
2329 1.000000000
2330 1.000000000
2331 1.000000000
2332 1.000000000
2333 1.000000000
2334 1.000000000
2335 2.000000000
2336 2.000000000
2337 2.000000000
2338 1.000000000
2339 1.000000000
2340 1.000000000
2341 1.000000000
2343 4.000000000
2344 4.000000000
2345 4.000000000
2346 4.000000000
2347 4.000000000
2349 2.000000000
2350 2.000000000
2351 2.000000000
2353 3.000000000
2354 3.000000000
2355 3.000000000
2356 3.000000000
2357 1.000000000
2358 1.000000000
2359 3.000000000
2360 3.000000000
2361 3.000000000
2362 3.000000000
2364 2.000000000
2365 1.000000000
2366 1.000000000
2367 1.000000000
2368 1.000000000
2369 2.000000000
2370 2.000000000
2371 2.000000000
2372 2.000000000
2373 2.000000000
2374 2.000000000
2375 1.000000000
2376 1.000000000
2378 2.000000000
2379 1.000000000
2380 1.000000000
2381 2.000000000
2382 2.000000000
2383 2.000000000
2384 1.000000000
2385 1.000000000
2386 1.000000000
2387 1.000000000
2388 1.000000000
2389 1.000000000
2391 2.000000000
2392 2.000000000
2393 2.000000000
2396 2.000000000
2397 2.000000000
2398 2.000000000
2400 1.000000000
2401 1.000000000
2402 1.000000000
2403 1.000000000
2405 2.000000000
2406 2.000000000
2407 2.000000000
2408 7.000000000
2409 7.000000000
2410 7.000000000
2411 7.000000000
2412 7.000000000
2413 5.000000000
2414 6.000000000
2415 6.000000000
2416 1.000000000
2417 1.000000000
2418 1.000000000
2419 1.000000000
2420 4.000000000
2421 4.000000000
2422 4.000000000
2423 4.000000000
2424 4.000000000
2425 1.000000000
2426 2.000000000
2427 1.000000000
2429 3.000000000
2430 3.000000000
2431 2.000000000
2432 2.000000000
2433 1.000000000
2434 2.000000000
2435 1.000000000
2436 9.000000000
2437 9.000000000
2438 9.000000000
2439 9.000000000
2440 9.000000000
2441 9.000000000
2442 9.000000000
2443 9.000000000
2444 9.000000000
2445 9.000000000
2446 2.000000000
2447 2.000000000
2448 2.000000000
2449 1.000000000
2450 1.000000000
2451 1.000000000
2452 1.000000000
2455 1.000000000
2456 1.000000000
2457 1.000000000
2458 2.000000000
2459 1.000000000
2460 8.000000000
2461 8.000000000
2462 8.000000000
2463 8.000000000
2464 8.000000000
2465 8.000000000
2466 8.000000000
2467 8.000000000
2468 8.000000000
2470 3.000000000
2471 3.000000000
2472 3.000000000
2473 3.000000000
2474 4.000000000
2475 4.000000000
2476 4.000000000
2477 4.000000000
2478 6.000000000
2479 2.000000000
2480 2.000000000
2481 2.000000000
2482 2.000000000
2483 2.000000000
2484 3.000000000
2485 3.000000000
2486 3.000000000
2487 3.000000000
2488 3.000000000
2489 1.000000000
2490 1.000000000
2491 1.000000000
2493 1.000000000
2494 4.000000000
2495 1.000000000
2496 4.000000000
2497 3.000000000
2498 3.000000000
2499 1.000000000
2500 1.000000000
2503 2.000000000
2504 2.000000000
2505 2.000000000
2507 2.000000000
2508 2.000000000
2509 2.000000000
2511 2.000000000
2512 2.000000000
2513 2.000000000
2514 9.000000000
2515 9.000000000
2516 9.000000000
2517 9.000000000
2518 9.000000000
2519 9.000000000
2520 9.000000000
2521 9.000000000
2522 9.000000000
2523 9.000000000
2524 1.000000000
2525 1.000000000
2526 2.000000000
2527 2.000000000
2528 2.000000000
2529 1.000000000
2530 4.000000000
2531 1.000000000
2532 2.000000000
2533 2.000000000
2534 3.000000000
2535 3.000000000
2536 3.000000000
2537 3.000000000
2538 2.000000000
2539 2.000000000
2540 2.000000000
2542 1.000000000
2543 1.000000000
2545 1.000000000
2546 1.000000000
2547 1.000000000
2548 1.000000000
2549 1.000000000
2550 1.000000000
2552 1.000000000
2553 3.000000000
2554 4.000000000
2555 1.000000000
2556 3.000000000
2557 3.000000000
2558 3.000000000
2559 1.000000000
2560 1.000000000
2562 2.000000000
2563 2.000000000
2564 2.000000000
2565 2.000000000
2566 1.000000000
2567 1.000000000
2568 2.000000000
2569 2.000000000
2570 2.000000000
2571 1.000000000
2572 1.000000000
2573 77.000000000
2574 77.000000000
2575 77.000000000
2576 77.000000000
2577 77.000000000
2578 77.000000000
2579 77.000000000
2580 77.000000000
2581 77.000000000
2582 77.000000000
2583 77.000000000
2584 77.000000000
2585 77.000000000
2586 77.000000000
2587 77.000000000
2588 77.000000000
2589 77.000000000
2590 77.000000000
2591 77.000000000
2592 77.000000000
2593 77.000000000
2594 77.000000000
2595 77.000000000
2596 77.000000000
2597 77.000000000
2598 77.000000000
2599 77.000000000
2600 77.000000000
2601 77.000000000
2602 77.000000000
2603 77.000000000
2604 77.000000000
2605 77.000000000
2606 77.000000000
2607 77.000000000
2608 77.000000000
2609 77.000000000
2610 77.000000000
2611 77.000000000
2612 77.000000000
2613 77.000000000
2614 77.000000000
2615 77.000000000
2616 77.000000000
2617 77.000000000
2618 77.000000000
2619 77.000000000
2620 77.000000000
2621 77.000000000
2622 77.000000000
2623 77.000000000
2624 77.000000000
2625 77.000000000
2626 77.000000000
2627 77.000000000
2628 77.000000000
2629 77.000000000
2630 77.000000000
2631 77.000000000
2632 77.000000000
2633 77.000000000
2634 77.000000000
2635 77.000000000
2636 77.000000000
2637 77.000000000
2638 77.000000000
2639 77.000000000
2640 77.000000000
2641 77.000000000
2642 77.000000000
2643 77.000000000
2644 77.000000000
2645 77.000000000
2646 77.000000000
2647 77.000000000
2648 77.000000000
2649 77.000000000
2650 77.000000000
2651 2.000000000
2652 2.000000000
2653 2.000000000
2655 3.000000000
2656 3.000000000
2657 3.000000000
2658 3.000000000
2659 2.000000000
2660 2.000000000
2661 2.000000000
2662 1.000000000
2663 1.000000000
2664 15.000000000
2665 15.000000000
2666 15.000000000
2667 15.000000000
2668 15.000000000
2669 15.000000000
2670 15.000000000
2671 15.000000000
2672 15.000000000
2673 15.000000000
2674 15.000000000
2675 15.000000000
2676 15.000000000
2677 15.000000000
2678 15.000000000
2679 15.000000000
2680 1.000000000
2681 1.000000000
2682 2.000000000
2683 2.000000000
2684 3.000000000
2685 1.000000000
2686 1.000000000
2687 1.000000000
2688 2.000000000
2689 2.000000000
2690 2.000000000
2691 2.000000000
2692 2.000000000
2693 2.000000000
2694 2.000000000
2695 2.000000000
2696 2.000000000
2697 1.000000000
2698 1.000000000
2699 1.000000000
2700 2.000000000
2701 1.000000000
2704 2.000000000
2705 2.000000000
2706 1.000000000
2707 1.000000000
2708 1.000000000
2709 1.000000000
2710 9.000000000
2711 9.000000000
2712 9.000000000
2713 9.000000000
2714 9.000000000
2715 9.000000000
2716 9.000000000
2717 9.000000000
2718 9.000000000
2719 9.000000000
2720 7.000000000
2721 7.000000000
2722 7.000000000
2723 7.000000000
2724 7.000000000
2725 7.000000000
2726 7.000000000
2727 7.000000000
2728 2.000000000
2729 2.000000000
2730 2.000000000
2731 1.000000000
2732 1.000000000
2733 1.000000000
2734 1.000000000
2735 3.000000000
2736 2.000000000
2737 6.000000000
2738 2.000000000
2739 1.000000000
2740 1.000000000
2741 1.000000000
2742 1.000000000
2743 1.000000000
2745 2.000000000
2746 2.000000000
2747 2.000000000
2748 5.000000000
2749 5.000000000
2750 2.000000000
2751 2.000000000
2752 2.000000000
2753 2.000000000
2755 2.000000000
2756 2.000000000
2757 2.000000000
2758 4.000000000
2759 2.000000000
2760 4.000000000
2761 1.000000000
2762 3.000000000
2763 2.000000000
2764 1.000000000
2765 1.000000000
2766 2.000000000
2767 2.000000000
2768 2.000000000
2769 3.000000000
2770 3.000000000
2771 3.000000000
2772 3.000000000
2773 8.000000000
2774 8.000000000
2775 8.000000000
2776 8.000000000
2777 8.000000000
2778 8.000000000
2779 8.000000000
2780 7.000000000
2781 7.000000000
2782 1.000000000
2783 1.000000000
2784 2.000000000
2785 1.000000000
2786 1.000000000
2787 7.000000000
2788 7.000000000
2789 7.000000000
2790 7.000000000
2791 7.000000000
2792 7.000000000
2793 7.000000000
2794 7.000000000
2796 2.000000000
2797 2.000000000
2798 2.000000000
