1091784 1.036526600

0 0.000335395
1 0.000576401
2 0.000142447
3 0.000498453
4 0.000548416
5 0.000510363
6 0.000405724
7 0.000303899
8 0.000334106
9 0.000095260
10 0.000068763
11 0.000068763
12 0.000426608
13 0.000345498
14 0.000345498
15 0.000067892
16 0.000067892
17 0.000100215
18 0.000100215
19 0.000100215
20 0.000100215
21 0.000189229
22 0.000065903
23 0.000065903
24 0.000104955
25 0.000258766
26 0.000246670
27 0.000246670
28 0.000210714
29 0.000134766
30 0.000173818
31 0.000293554
32 0.000251182
33 0.000065088
34 0.000065088
35 0.000065088
36 0.000065088
37 0.000192589
38 0.000206958
39 0.000179346
40 0.000179346
41 0.000169422
42 0.000064054
43 0.000064054
44 0.000064054
45 0.000103106
46 0.000103106
47 0.000103106
48 0.000103106
49 0.000103106
50 0.000103106
51 0.000212508
52 0.000176551
53 0.000100454
54 0.000216726
55 0.000175958
56 0.000258488
57 0.000067176
58 0.000100791
59 0.000175161
60 0.000381031
61 0.000220875
62 0.000192860
63 0.000105784
64 0.000105784
65 0.000105784
66 0.000105784
67 0.000105784
68 0.000105784
69 0.000105784
70 0.000105784
71 0.000105784
72 0.000105784
73 0.000105784
74 0.000105784
75 0.000105784
76 0.000105784
77 0.000105784
78 0.000105784
79 0.000105784
80 0.000105784
81 0.000105784
82 0.000105784
83 0.000105784
84 0.000105784
85 0.000105784
86 0.000150501
87 0.000143291
88 0.000143291
89 0.000183603
90 0.000168734
91 0.000066732
92 0.000066732
93 0.000066732
94 0.000066732
95 0.000066732
96 0.000066732
97 0.000066732
98 0.000066732
99 0.000103628
100 0.000246904
101 0.000224479
102 0.000187722
103 0.000219291
104 0.000181784
105 0.000181784
106 0.000142680
107 0.000350148
108 0.000370157
109 0.000415010
110 0.000499285
111 0.000104469
112 0.000292677
113 0.000167121
114 0.000276827
115 0.000139362
116 0.000146092
117 0.000172051
118 0.000141902
119 0.000126997
120 0.000103886
121 0.000148552
122 0.000268009
123 0.000144178
124 0.000150466
125 0.000150466
126 0.000150466
127 0.000150466
128 0.000150466
129 0.000108997
130 0.000069827
131 0.000069827
132 0.000069827
133 0.000069827
134 0.000069827
135 0.000069827
136 0.000069827
137 0.000069827
138 0.000069827
139 0.000069827
140 0.000069827
141 0.000069827
142 0.000069827
143 0.000069827
144 0.000069827
145 0.000069827
146 0.000069827
147 0.000069827
148 0.000069827
149 0.000069827
150 0.000069827
151 0.000069827
152 0.000069827
153 0.000069827
154 0.000069827
155 0.000069827
156 0.000069827
157 0.000069827
158 0.000069827
159 0.000069827
160 0.000069827
161 0.000069827
162 0.000069827
163 0.000069827
164 0.000069827
165 0.000114545
166 0.000114545
167 0.000114545
168 0.000117677
169 0.000117677
170 0.000117677
171 0.000110442
172 0.000109214
173 0.000110595
174 0.000110595
175 0.000151766
176 0.000151766
177 0.000151766
178 0.000145827
179 0.000106723
180 0.000177633
181 0.000298241
182 0.000226624
183 0.000350314
184 0.000179533
185 0.000350157
186 0.000142004
187 0.000225109
188 0.000225109
189 0.000107961
190 0.000139737
191 0.000277799
192 0.000362215
193 0.000297614
194 0.000327962
195 0.000174870
196 0.000094252
197 0.000593621
198 0.000189113
199 0.000804273
200 0.000113679
201 0.000113679
202 0.000113679
203 0.000063892
204 0.000066719
205 0.000066719
206 0.000354360
207 0.000131522
208 0.000141517
209 0.000141517
210 0.000272540
211 0.000120037
212 0.000149834
213 0.000149834
214 0.000149834
215 0.000200991
216 0.000222152
217 0.000106036
218 0.000106036
219 0.000219651
220 0.000152186
221 0.000099391
222 0.000182179
223 0.000106776
224 0.000067671
225 0.000067671
226 0.000067671
227 0.000067671
228 0.000067671
229 0.000147170
230 0.000147530
231 0.000621459
232 0.000307607
233 0.000443078
234 0.000299054
235 0.000079833
236 0.000251110
237 0.000100259
238 0.000100259
239 0.000181449
240 0.000131006
241 0.000086773
242 0.000086773
243 0.000085821
244 0.000085821
245 0.000199078
246 0.000079555
247 0.000271426
248 0.000151835
249 0.000215400
250 0.000162422
251 0.000112149
252 0.000112149
253 0.000112149
254 0.000112149
255 0.000112149
256 0.000112149
257 0.000112149
258 0.000112149
259 0.000112149
260 0.000112149
261 0.000110274
262 0.000073007
263 0.000112714
264 0.000145653
265 0.000264411
266 0.000290615
267 0.000071516
268 0.000259968
269 0.000069516
270 0.000137897
271 0.000135752
272 0.000305942
273 0.000233041
274 0.000127103
275 0.000238339
276 0.000159834
277 0.000159834
278 0.000159834
279 0.000087562
280 0.000087562
281 0.000087562
282 0.000203265
283 0.000103677
284 0.000103048
285 0.000103048
286 0.000103048
287 0.000103048
288 0.000103048
289 0.000103048
290 0.000103048
291 0.000103048
292 0.000181553
293 0.000106980
294 0.000106980
295 0.000106980
296 0.000274442
297 0.000097433
298 0.000149054
299 0.000274956
300 0.000191776
301 0.000179672
302 0.000246172
303 0.000246172
304 0.000246172
305 0.000202052
306 0.000202052
307 0.000202052
308 0.000202052
309 0.000202052
310 0.000202052
311 0.000202052
312 0.000171178
313 0.000171178
314 0.000171178
315 0.000133063
316 0.000133948
317 0.000133948
318 0.000061650
319 0.000061650
320 0.000061650
321 0.000123497
322 0.000123497
323 0.000123497
324 0.000123497
325 0.000123497
326 0.000123497
327 0.000123497
328 0.000223733
329 0.000095617
330 0.000095617
331 0.000095617
332 0.000095617
333 0.000095617
334 0.000095617
335 0.000095617
336 0.000095617
337 0.000095617
338 0.000095617
339 0.000095617
340 0.000166885
341 0.000074896
342 0.000074896
343 0.000074896
344 0.000102043
345 0.000102043
346 0.000110136
347 0.000110136
348 0.000131930
349 0.000126893
350 0.000126893
351 0.000126893
352 0.000126893
353 0.000126893
354 0.000126893
355 0.000282558
356 0.000448728
357 0.000108608
358 0.000108608
359 0.000480283
360 0.000219533
361 0.000084671
362 0.000095820
363 0.000243892
364 0.000073942
365 0.000073942
366 0.000107088
367 0.000143949
368 0.000112186
369 0.000491707
370 0.000452059
371 0.000074432
372 0.000718000
373 0.000175978
374 0.000067130
375 0.000093043
376 0.000416868
377 0.000300059
378 0.000647345
379 0.000217006
380 0.000151650
381 0.000232840
382 0.000070952
383 0.000074179
384 0.000074179
385 0.000074179
386 0.000108238
387 0.000218031
388 0.000284930
389 0.000307209
390 0.000104827
391 0.000299757
392 0.000142175
393 0.000103141
394 0.000111313
395 0.000270808
396 0.000068283
397 0.000068283
398 0.000068283
399 0.000107677
400 0.000146011
401 0.000102342
402 0.000455629
403 0.000776647
404 0.000094546
405 0.000094546
406 0.000094546
407 0.000094546
408 0.000094546
409 0.000094546
410 0.000094546
411 0.000094546
412 0.000094546
413 0.000094546
414 0.000094546
415 0.000094546
416 0.000094546
417 0.000133940
418 0.000160609
419 0.000192783
420 0.000128605
421 0.000128605
422 0.000128605
423 0.000128605
424 0.000128605
425 0.000128605
426 0.000128605
427 0.000128605
428 0.000128605
429 0.000128605
430 0.000128605
431 0.000128605
432 0.000128605
433 0.000167998
434 0.000167998
435 0.000167998
436 0.000165126
437 0.000165126
438 0.000165126
439 0.000165126
440 0.000165126
441 0.000197131
442 0.000197131
443 0.000229304
444 0.000125732
445 0.000125732
446 0.000125732
447 0.000125732
448 0.000125732
449 0.000125732
450 0.000125732
451 0.000125732
452 0.000125732
453 0.000125732
454 0.000125732
455 0.000125732
456 0.000125732
457 0.000195991
458 0.000195991
459 0.000195991
460 0.000195991
461 0.000195991
462 0.000195991
463 0.000195991
464 0.000195991
465 0.000237303
466 0.000198107
467 0.000156597
468 0.000156597
469 0.000156597
470 0.000156597
471 0.000156597
472 0.000156597
473 0.000156597
474 0.000156597
475 0.000156597
476 0.000220775
477 0.000122538
478 0.000091673
479 0.000091673
480 0.000091673
481 0.000091673
482 0.000140920
483 0.000104228
484 0.000104228
485 0.000104228
486 0.000104228
487 0.000104228
488 0.000104228
489 0.000064834
490 0.000064834
491 0.000064834
492 0.000064834
493 0.000064834
494 0.000064834
495 0.000064834
496 0.000064834
497 0.000064834
498 0.000064834
499 0.000064834
500 0.000064834
501 0.000064834
502 0.000064834
503 0.000064834
504 0.000064834
505 0.000064834
506 0.000139263
507 0.000330815
508 0.000122004
509 0.000194372
510 0.000102952
511 0.000061640
512 0.000070169
513 0.000070169
514 0.000070169
515 0.000070169
516 0.000070169
517 0.000070169
518 0.000070169
519 0.000070169
520 0.000070169
521 0.000070169
522 0.000070169
523 0.000070169
524 0.000070169
525 0.000070169
526 0.000070169
527 0.000070169
528 0.000070169
529 0.000070169
530 0.000070169
531 0.000070169
532 0.000070169
533 0.000123064
534 0.000206318
535 0.000306388
536 0.000094224
537 0.000282702
538 0.000303207
539 0.000076041
540 0.000076041
541 0.000184285
542 0.000103847
543 0.000153762
544 0.000105146
545 0.000068512
546 0.000068512
547 0.000068512
548 0.000107183
549 0.000095102
550 0.000095386
551 0.000120681
552 0.000081294
553 0.000092602
554 0.000166924
555 0.000177950
556 0.000830504
557 0.000911048
558 0.000375081
559 0.000336464
560 0.000118670
561 0.000107430
562 0.000218528
563 0.000228028
564 0.000501485
565 0.001140915
566 0.000468152
567 0.000161596
568 0.000153219
569 0.000073488
570 0.000073488
571 0.000073488
572 0.000195449
573 0.000195449
574 0.000096533
575 0.000096533
576 0.000093716
577 0.000076157
578 0.000449949
579 0.000162111
580 0.000230980
581 0.000303613
582 0.000268380
583 0.000314524
584 0.000572960
585 0.000159203
586 0.000083113
587 0.000161582
588 0.000161582
589 0.000141212
590 0.000081987
591 0.000215030
592 0.001392813
593 0.000205517
594 0.000294634
595 0.000235409
596 0.000235409
597 0.000109360
598 0.000090001
599 0.000227537
600 0.000475668
601 0.000481410
602 0.000066994
603 0.000141367
604 0.000461409
605 0.000365927
606 0.000566702
607 0.000159109
608 0.000159109
609 0.000200250
610 0.000189925
611 0.000078849
612 0.000078849
613 0.000077150
614 0.000117661
615 0.000402176
616 0.000193258
617 0.000099970
618 0.000605746
619 0.000579302
620 0.000091826
621 0.000213452
622 0.001549217
623 0.000079196
624 0.000292502
625 0.000231549
626 0.000263789
627 0.000293324
628 0.000080541
629 0.000080541
630 0.000101836
631 0.000286543
632 0.000668817
633 0.000241824
634 0.000137532
635 0.000083048
636 0.000090049
637 0.000090049
638 0.000096387
639 0.000158083
640 0.000219139
641 0.000092471
642 0.000091984
643 0.000091984
644 0.000091984
645 0.000167112
646 0.000126271
647 0.000165658
648 0.000084271
649 0.000084271
650 0.000188438
651 0.000098218
652 0.000114354
653 0.000312210
654 0.000312210
655 0.000312210
656 0.000071350
657 0.000214574
658 0.000128764
659 0.000175002
660 0.000384964
661 0.000628449
662 0.000573028
663 0.000160343
664 0.000451277
665 0.000449504
666 0.000274270
667 0.000115244
668 0.000232751
669 0.000232751
670 0.000060459
671 0.000407582
672 0.000507215
673 0.000306515
674 0.000251094
675 0.000571438
676 0.000198688
677 0.000111804
678 0.000731913
679 0.000417679
680 0.000473010
681 0.000583016
682 0.000082916
683 0.000189600
684 0.000082916
685 0.000075391
686 0.000075391
687 0.000075391
688 0.000123299
689 0.000084906
690 0.000133578
691 0.000185175
692 0.000121021
693 0.000534423
694 0.000372478
695 0.000266454
696 0.000277969
697 0.000134503
698 0.000074906
699 0.000295316
700 0.000720771
701 0.002183842
702 0.000189029
703 0.000189029
704 0.000272711
705 0.000248230
706 0.000248230
707 0.000217290
708 0.000138851
709 0.000083430
710 0.000083430
711 0.000128499
712 0.000220516
713 0.000220516
714 0.000098661
715 0.000098661
716 0.000113218
717 0.000257652
718 0.000151895
719 0.000135370
720 0.000077243
721 0.000240335
722 0.000928561
723 0.000188013
724 0.000195833
725 0.000215681
726 0.000121052
727 0.000122940
728 0.000219416
729 0.000219416
730 0.000219416
731 0.000219416
732 0.000186455
733 0.000094023
734 0.000094023
735 0.000063729
736 0.000145144
737 0.000761111
738 0.000439031
739 0.000284173
740 0.000129395
741 0.000191073
742 0.000148869
743 0.000190076
744 0.000251685
745 0.000231568
746 0.000142829
747 0.000152787
748 0.000152787
749 0.000152787
750 0.000341852
751 0.000394679
752 0.000371505
753 0.000088602
754 0.000088602
755 0.000088602
756 0.000588216
757 0.001100413
758 0.000174928
759 0.000068760
760 0.000281711
761 0.000177231
762 0.000082684
763 0.000130534
764 0.000080655
765 0.000080655
766 0.000084872
767 0.000084872
768 0.000107768
769 0.000107768
770 0.000107768
771 0.000318673
772 0.000400991
773 0.000460896
774 0.000130780
775 0.000130780
776 0.000194182
777 0.000546231
778 0.000318926
779 0.000194182
780 0.000212172
781 0.000102983
782 0.000105833
783 0.000105833
784 0.000146620
785 0.000118732
786 0.000265618
787 0.000104218
788 0.000227968
789 0.000104218
790 0.000409821
791 0.000409144
792 0.000136996
793 0.000222772
794 0.000289486
795 0.000095945
796 0.000122084
797 0.000547671
798 0.000238466
799 0.001231275
800 0.000088312
801 0.000360051
802 0.000163866
803 0.000097321
804 0.000097321
805 0.000156227
806 0.000109384
807 0.000099445
808 0.000154940
809 0.000098934
810 0.000098934
811 0.000914335
812 0.000078328
813 0.000275105
814 0.000188298
815 0.000142550
816 0.000149937
817 0.000086435
818 0.000086891
819 0.000188366
820 0.000121924
821 0.000157055
822 0.000503810
823 0.000391975
824 0.000102206
825 0.000102206
826 0.000231322
827 0.000082431
828 0.000358334
829 0.000229453
830 0.000257760
831 0.000554601
832 0.000077662
833 0.000077662
834 0.000125074
835 0.000267475
836 0.000302391
837 0.000156524
838 0.000085178
839 0.000810957
840 0.000334821
841 0.000080817
842 0.000240984
843 0.000127033
844 0.000330777
845 0.000250097
846 0.000205771
847 0.000334777
848 0.000312914
849 0.000197162
850 0.000209085
851 0.000256515
852 0.000319202
853 0.000295748
854 0.000151559
855 0.000411967
856 0.000259693
857 0.000252063
858 0.000315541
859 0.000146420
860 0.000488854
861 0.000170254
862 0.000251152
863 0.000274078
864 0.000351366
865 0.000276832
866 0.000132756
867 0.000356479
868 0.000260949
869 0.000202258
870 0.000185933
871 0.000185833
872 0.000108453
873 0.000108453
874 0.000108155
875 0.000099417
876 0.000099417
877 0.000099417
878 0.000601041
879 0.001160613
880 0.000211276
881 0.000132272
882 0.000080357
883 0.000191193
884 0.000083927
885 0.000083927
886 0.000142218
887 0.000077510
888 0.000621483
889 0.000711100
890 0.000662072
891 0.000085554
892 0.000219437
893 0.000611060
894 0.000384584
895 0.000133466
896 0.000163462
897 0.000265321
898 0.000116464
899 0.000116464
900 0.000259998
901 0.000117672
902 0.000067058
903 0.000100663
904 0.000461629
905 0.000322573
906 0.000889660
907 0.000463989
908 0.000472571
909 0.000095695
910 0.000095695
911 0.000095507
912 0.000095507
913 0.000256813
914 0.000177648
915 0.000360961
916 0.000113494
917 0.000113494
918 0.000092636
919 0.000479658
920 0.000414066
921 0.000079929
922 0.000556244
923 0.000190642
924 0.000340010
925 0.000257105
926 0.000345218
927 0.000153455
928 0.000148924
929 0.000148924
930 0.000348874
931 0.000078501
932 0.000087497
933 0.000114958
934 0.000114958
935 0.000114958
936 0.000114958
937 0.000114958
938 0.000114958
939 0.000114958
940 0.000114958
941 0.000114958
942 0.000114958
943 0.000114958
944 0.000114958
945 0.000141922
946 0.000144254
947 0.000087825
948 0.000171418
949 0.000291428
950 0.000228500
951 0.000259677
952 0.000169188
953 0.000114989
954 0.000199204
955 0.000199204
956 0.000141923
957 0.000114960
958 0.000114960
959 0.000087827
960 0.000087827
961 0.000087827
962 0.000112505
963 0.000112505
964 0.000112505
965 0.000112505
966 0.000112505
967 0.000112505
968 0.000139469
969 0.000139469
970 0.000139469
971 0.000139469
972 0.000525416
973 0.000435057
974 0.000188895
975 0.000255911
976 0.000108487
977 0.000102122
978 0.000102122
979 0.000172399
980 0.000341743
981 0.000101052
982 0.000151850
983 0.000405578
984 0.000097647
985 0.000152435
986 0.000243484
987 0.000092779
988 0.000177533
989 0.000118860
990 0.000339400
991 0.000156071
992 0.000085665
993 0.000084922
994 0.000188805
995 0.000182203
996 0.000408477
997 0.000129646
998 0.000522375
999 0.000920144
1000 0.000084236
1001 0.000092105
1002 0.000140504
1003 0.000163926
1004 0.000207757
1005 0.000099995
1006 0.000107006
1007 0.000271222
1008 0.000351601
1009 0.000593332
1010 0.000090563
1011 0.000090563
1012 0.000103808
1013 0.000274946
1014 0.000190222
1015 0.000107532
1016 0.000318088
1017 0.000119138
1018 0.000232862
1019 0.000116925
1020 0.000116925
1021 0.000262973
1022 0.000118233
1023 0.000216094
1024 0.000129765
1025 0.000194206
1026 0.000117105
1027 0.000240358
1028 0.000249665
1029 0.000249665
1030 0.000425564
1031 0.000193800
1032 0.000163922
1033 0.000108771
1034 0.000206738
1035 0.000127119
1036 0.000242470
1037 0.000151487
1038 0.000117467
1039 0.000117467
1040 0.000104755
1041 0.000211993
1042 0.000211993
1043 0.000211993
1044 0.000211993
1045 0.000211993
1046 0.000068560
1047 0.000068560
1048 0.000440647
1049 0.000424481
1050 0.000146746
1051 0.000176990
1052 0.000069110
1053 0.000459041
1054 0.000130105
1055 0.000144044
1056 0.000067464
1057 0.000108412
1058 0.000071723
1059 0.000071723
1060 0.000071723
1061 0.000071723
1062 0.000136102
1063 0.000162550
1064 0.000101654
1065 0.000067688
1066 0.000128851
1067 0.000107123
1068 0.000107123
1069 0.000070615
1070 0.000073389
1071 0.000326167
1072 0.000117044
1073 0.000190917
1074 0.000068909
1075 0.000068909
1076 0.000068909
1077 0.000068909
1078 0.000068909
1079 0.000068909
1080 0.000068909
1081 0.000068909
1082 0.000129641
1083 0.000208761
1084 0.000114999
1085 0.000324382
1086 0.000335470
1087 0.000456289
1088 0.000223895
1089 0.000286657
1090 0.000471166
1091 0.000091507
1092 0.000091507
1093 0.000081850
1094 0.000273704
1095 0.000361383
1096 0.000215067
1097 0.000268393
1098 0.000185761
1099 0.000159547
1100 0.000057365
1101 0.000081883
1102 0.000056990
1103 0.000177623
1104 0.000144746
1105 0.000144746
1106 0.000171803
1107 0.000116435
1108 0.000060267
1109 0.000086944
1110 0.000060916
1111 0.000060916
1112 0.000072777
1113 0.000121733
1114 0.000121733
1115 0.000121733
1116 0.000146630
1117 0.000393905
1118 0.000070687
1119 0.000221338
1120 0.000312531
1121 0.000206681
1122 0.000288658
1123 0.000196703
1124 0.000167108
1125 0.000171636
1126 0.000148073
1127 0.000123005
1128 0.000195973
1129 0.000160030
1130 0.000160030
1131 0.000160030
1132 0.000160030
1133 0.000160030
1134 0.000160030
1135 0.000200005
1136 0.000200005
1137 0.000196760
1138 0.000093216
1139 0.000070163
1140 0.000070163
1141 0.000070163
1142 0.000199210
1143 0.000214943
1144 0.000108108
1145 0.000099048
1146 0.000071634
1147 0.000071634
1148 0.000071634
1149 0.000145525
1150 0.000145525
1151 0.000145525
1152 0.000145525
1153 0.000145525
1154 0.000145525
1155 0.000145525
1156 0.000145525
1157 0.000145525
1158 0.000104667
1159 0.000104667
1160 0.000104667
1161 0.000083343
1162 0.000083343
1163 0.000083343
1164 0.000083343
1165 0.000083343
1166 0.000284135
1167 0.000327738
1168 0.000191541
1169 0.001475816
1170 0.000240917
1171 0.000060772
1172 0.000171119
1173 0.000083933
1174 0.000130633
1175 0.000197540
1176 0.000075844
1177 0.000357059
1178 0.000189300
1179 0.000105096
1180 0.000124453
1181 0.000080427
1182 0.000080427
1183 0.000080427
1184 0.000080427
1185 0.000353157
1186 0.001419810
1187 0.000380420
1188 0.000142829
1189 0.000227538
1190 0.000076866
1191 0.000076866
1192 0.000076866
1193 0.000076866
1194 0.000076866
1195 0.000348347
1196 0.000302222
1197 0.000164053
1198 0.000228286
1199 0.000152211
1200 0.000073244
1201 0.000073244
1202 0.000136297
1203 0.000093829
1204 0.000093829
1205 0.000174172
1206 0.000174172
1207 0.000174172
1208 0.000174172
1209 0.000126259
1210 0.000126259
1211 0.000126259
1212 0.000075493
1213 0.000075493
1214 0.000075493
1215 0.000075493
1216 0.000075493
1217 0.000075493
1218 0.000075493
1219 0.000075493
1220 0.000075493
1221 0.000075493
1222 0.000075493
1223 0.000075493
1224 0.000075493
1225 0.000421177
1226 0.000081542
1227 0.000081542
1228 0.000081542
1229 0.000081542
1230 0.000129455
1231 0.000129455
1232 0.000081012
1233 0.000100214
1234 0.000328636
1235 0.000167300
1236 0.000167300
1237 0.000105098
1238 0.000189165
1239 0.000089403
1240 0.000088641
1241 0.000088641
1242 0.000270577
1243 0.000258892
1244 0.000383537
1245 0.000722092
1246 0.000080963
1247 0.000108075
1248 0.000097506
1249 0.000227744
1250 0.000176926
1251 0.000103851
1252 0.000374533
1253 0.000103851
1254 0.000165989
1255 0.000102116
1256 0.000093169
1257 0.000410510
1258 0.000357972
1259 0.001192861
1260 0.000782751
1261 0.000207192
1262 0.000417729
1263 0.000361556
1264 0.000514624
1265 0.000352928
1266 0.000128589
1267 0.000260112
1268 0.000185258
1269 0.000178046
1270 0.000197574
1271 0.000057645
1272 0.000061685
1273 0.000061685
1274 0.000061685
1275 0.000818676
1276 0.000381342
1277 0.000128565
1278 0.000428636
1279 0.000104842
1280 0.000180868
1281 0.000143322
1282 0.000541832
1283 0.000187343
1284 0.000332656
1285 0.000107885
1286 0.000084978
1287 0.000084978
1288 0.000099429
1289 0.000067482
1290 0.000382069
1291 0.000126735
1292 0.000118032
1293 0.000396893
1294 0.000071832
1295 0.000110334
1296 0.000248203
1297 0.000143700
1298 0.000111527
1299 0.000225209
1300 0.000180231
1301 0.000093315
1302 0.000063860
1303 0.000063860
1304 0.000098603
1305 0.000098603
1306 0.000065519
1307 0.000065519
1308 0.000065519
1309 0.000138709
1310 0.000096738
1311 0.000162351
1312 0.000087534
1313 0.000065096
1314 0.000593785
1315 0.000056691
1316 0.000056691
1317 0.000216819
1318 0.000057700
1319 0.000057700
1320 0.000054348
1321 0.000087062
1322 0.000126457
1323 0.000055843
1324 0.000055843
1325 0.000322952
1326 0.000277316
1327 0.000144426
1328 0.000147252
1329 0.000107867
1330 0.000268643
1331 0.000243142
1332 0.000078764
1333 0.000408993
1334 0.000244530
1335 0.000088297
1336 0.000416341
1337 0.000220441
1338 0.000188184
1339 0.000118356
1340 0.000136731
1341 0.000136731
1342 0.000136731
1343 0.000183198
1344 0.000183198
1345 0.000145849
1346 0.000182218
1347 0.000072896
1348 0.000072896
1349 0.000106247
1350 0.000103728
1351 0.000103728
1352 0.000068897
1353 0.000108913
1354 0.000213532
1355 0.000073808
1356 0.000285758
1357 0.000285758
1358 0.000067585
1359 0.000160836
1360 0.000085060
1361 0.000097828
1362 0.000097828
1363 0.000097828
1364 0.000264090
1365 0.000124161
1366 0.000083782
1367 0.000083782
1368 0.000099971
1369 0.000167481
1370 0.000160441
1371 0.000266590
1372 0.000288593
1373 0.000191585
1374 0.000188221
1375 0.000121883
1376 0.000104649
1377 0.000130444
1378 0.000122914
1379 0.000152696
1380 0.000154583
1381 0.000433033
1382 0.000093088
1383 0.000093088
1384 0.000093088
1385 0.000131332
1386 0.000062375
1387 0.000152790
1388 0.000313994
1389 0.000069019
1390 0.000069019
1391 0.000069019
1392 0.000078910
1393 0.000078910
1394 0.000078910
1395 0.000078910
1396 0.000078910
1397 0.000078910
1398 0.000078910
1399 0.000201520
1400 0.000251681
1401 0.000123192
1402 0.000166022
1403 0.000166022
1404 0.000166022
1405 0.000080937
1406 0.000080937
1407 0.000080937
1408 0.000080937
1409 0.000080937
1410 0.000172066
1411 0.000117314
1412 0.000091104
1413 0.000107934
1414 0.000071563
1415 0.000071563
1416 0.000071563
1417 0.000234949
1418 0.000208267
1419 0.000270488
1420 0.000086132
1421 0.000168548
1422 0.000094730
1423 0.000094730
1424 0.000734317
1425 0.000167578
1426 0.000083226
1427 0.000083226
1428 0.000083226
1429 0.000083226
1430 0.000083226
1431 0.000211725
1432 0.000191172
1433 0.000191172
1434 0.000083832
1435 0.000083832
1436 0.000083832
1437 0.000083832
1438 0.000361951
1439 0.000204628
1440 0.000503907
1441 0.000179084
1442 0.000077420
1443 0.000077420
1444 0.000077420
1445 0.000134590
1446 0.000111684
1447 0.000093838
1448 0.000059450
1449 0.000137842
1450 0.000202028
1451 0.000202028
1452 0.000247684
1453 0.000135593
1454 0.000069189
1455 0.000069189
1456 0.000069189
1457 0.000069189
1458 0.000069189
1459 0.000091696
1460 0.000164401
1461 0.000524252
1462 0.000401725
1463 0.000067532
1464 0.000067532
1465 0.000067532
1466 0.000485073
1467 0.000217074
1468 0.000094566
1469 0.000265858
1470 0.000169643
1471 0.000213296
1472 0.000078619
1473 0.000078619
1474 0.000204055
1475 0.000153525
1476 0.000268337
1477 0.000288460
1478 0.000236506
1479 0.000238971
1480 0.000102097
1481 0.000132377
1482 0.000092555
1483 0.000286251
1484 0.000122621
1485 0.000122621
1486 0.000103976
1487 0.000053274
1488 0.000383900
1489 0.000241178
1490 0.000214186
1491 0.000335847
1492 0.000314332
1493 0.000383571
1494 0.000388572
1495 0.000285963
1496 0.000372989
1497 0.000166613
1498 0.000171971
1499 0.000146735
1500 0.000107411
1501 0.000243383
1502 0.000145376
1503 0.000142628
1504 0.000129162
1505 0.000147046
1506 0.000123660
1507 0.000123660
1508 0.000136306
1509 0.000056991
1510 0.000056991
1511 0.000056991
1512 0.000056991
1513 0.000056991
1514 0.000056991
1515 0.000084912
1516 0.000084912
1517 0.000084912
1518 0.000120065
1519 0.000085058
1520 0.000435847
1521 0.000660393
1522 0.000080815
1523 0.000080815
1524 0.000191258
1525 0.000095336
1526 0.000095336
1527 0.000104714
1528 0.000321426
1529 0.000114104
1530 0.000276060
1531 0.000137259
1532 0.000089900
1533 0.000216193
1534 0.000087101
1535 0.000174995
1536 0.000098201
1537 0.000374400
1538 0.000103949
1539 0.000103949
1540 0.000753121
1541 0.000146862
1542 0.000090251
1543 0.000082961
1544 0.000098312
1545 0.000063834
1546 0.000193631
1547 0.000096961
1548 0.000160614
1549 0.000160614
1550 0.000097675
1551 0.000615675
1552 0.000402647
1553 0.000315417
1554 0.000219216
1555 0.000080028
1556 0.000212377
1557 0.000105182
1558 0.000107555
1559 0.000173751
1560 0.000173751
1561 0.000227322
1562 0.000485602
1563 0.001304753
1564 0.000155696
1565 0.000075580
1566 0.000107891
1567 0.000107891
1568 0.000107891
1569 0.000100586
1570 0.000170397
1571 0.000100586
1572 0.000245500
1573 0.001364859
1574 0.000238003
1575 0.000078490
1576 0.000073416
1577 0.000107223
1578 0.000182285
1579 0.000073416
1580 0.000073416
1581 0.000073416
1582 0.000310557
1583 0.000070941
1584 0.000245693
1585 0.000245693
1586 0.000184473
1587 0.000078295
1588 0.000125815
1589 0.000078295
1590 0.000079204
1591 0.000079204
1592 0.000079204
1593 0.000079204
1594 0.000079204
1595 0.000442142
1596 0.000124753
1597 0.000077764
1598 0.000077764
1599 0.000067506
1600 0.000067506
1601 0.000207871
1602 0.000083334
1603 0.000083334
1604 0.000137077
1605 0.000143651
1606 0.000072945
1607 0.000075908
1608 0.000075908
1609 0.000179354
1610 0.000211618
1611 0.000211618
1612 0.000211618
1613 0.000211618
1614 0.000093462
1615 0.000063040
1616 0.000089765
1617 0.000079915
1618 0.000074238
1619 0.000341444
1620 0.000248087
1621 0.000508499
1622 0.000457111
1623 0.000074238
1624 0.000074238
1625 0.000074238
1626 0.000074238
1627 0.000072744
1628 0.000082163
1629 0.000076632
1630 0.000559348
1631 0.000123847
1632 0.000076532
1633 0.000625809
1634 0.000072210
1635 0.000113708
1636 0.000154337
1637 0.000073473
1638 0.000074047
1639 0.000185622
1640 0.000232347
1641 0.000080573
1642 0.000618886
1643 0.000118276
1644 0.000076269
1645 0.000076269
1646 0.000135347
1647 0.000843520
1648 0.000932467
1649 0.000254029
1650 0.000153974
1651 0.000072782
1652 0.000072782
1653 0.000081582
1654 0.000303345
1655 0.000090080
1656 0.000306183
1657 0.000103290
1658 0.000117353
1659 0.000193551
1660 0.000123390
1661 0.000531361
1662 0.000143500
1663 0.000255354
1664 0.000072413
1665 0.000112389
1666 0.000893432
1667 0.000067846
1668 0.000067846
1669 0.000067846
1670 0.000140428
1671 0.000321706
1672 0.000441371
1673 0.000062949
1674 0.000077659
1675 0.000070994
1676 0.000071010
1677 0.000071010
1678 0.000071010
1679 0.000071010
1680 0.000070751
1681 0.000070751
1682 0.000070751
1683 0.000070751
1684 0.000070751
1685 0.000070751
1686 0.000070751
1687 0.000070751
1688 0.000070751
1689 0.000138316
1690 0.000074190
1691 0.000073381
1692 0.000220273
1693 0.000192716
1694 0.000068160
1695 0.000068160
1696 0.000326302
1697 0.000157905
1698 0.000219422
1699 0.000116112
1700 0.000074607
1701 0.000088118
1702 0.000134524
1703 0.000099415
1704 0.000086782
1705 0.000178655
1706 0.000450120
1707 0.000256332
1708 0.000419021
1709 0.000484179
1710 0.000134185
1711 0.000083737
1712 0.000173897
1713 0.000184478
1714 0.000082558
1715 0.000089854
1716 0.000116595
1717 0.000116595
1718 0.000236229
1719 0.000092512
1720 0.000153993
1721 0.000085203
1722 0.000155724
1723 0.000155724
1724 0.000094030
1725 0.000111967
1726 0.000111967
1727 0.000213247
1728 0.000256054
1729 0.000202174
1730 0.000168964
1731 0.000113864
1732 0.000113864
1733 0.000113864
1734 0.000113864
1735 0.000113864
1736 0.000320439
1737 0.000113776
1738 0.000118337
1739 0.000118337
1740 0.000334750
1741 0.000115988
1742 0.000184462
1743 0.000107832
1744 0.000244836
1745 0.000244836
1746 0.000191502
1747 0.000376995
1748 0.000153611
1749 0.000281730
1750 0.000129270
1751 0.000129270
1752 0.000184995
1753 0.000206705
1754 0.000181488
1755 0.000080623
1756 0.000108210
1757 0.000108210
1758 0.000118159
1759 0.000118159
1760 0.000270943
1761 0.000117060
1762 0.000117060
1763 0.000117060
1764 0.000239840
1765 0.000238533
1766 0.000158333
1767 0.000216869
1768 0.000157381
1769 0.000096073
1770 0.000102682
1771 0.000113140
1772 0.000113140
1773 0.000223930
1774 0.000422543
1775 0.000098045
1776 0.000242492
1777 0.000114372
1778 0.000172389
1779 0.000172389
1780 0.000175618
1781 0.000170597
1782 0.000187037
1783 0.000601834
1784 0.000253525
1785 0.000253525
1786 0.000390866
1787 0.000324445
1788 0.000431747
1789 0.000406838
1790 0.000633410
1791 0.000071209
1792 0.000071209
1793 0.000071209
1794 0.000071209
1795 0.000218554
1796 0.000078427
1797 0.000087555
1798 0.000532954
1799 0.000098510
1800 0.000266373
1801 0.000380660
1802 0.000122243
1803 0.000085756
1804 0.000176670
1805 0.000090206
1806 0.000090206
1807 0.000087358
1808 0.000087358
1809 0.000181737
1810 0.000120049
1811 0.000096290
1812 0.000239444
1813 0.000113798
1814 0.000199502
1815 0.000199502
1816 0.000117240
1817 0.000117240
1818 0.000189552
1819 0.000609026
1820 0.000090131
1821 0.000090131
1822 0.000090131
1823 0.000163627
1824 0.000097299
1825 0.000192975
1826 0.000115036
1827 0.000410020
1828 0.000115036
1829 0.000115036
1830 0.000157240
1831 0.000195061
1832 0.000130708
1833 0.000130708
1834 0.000130708
1835 0.000130708
1836 0.000130708
1837 0.000115128
1838 0.000115128
1839 0.000209633
1840 0.000107744
1841 0.000107744
1842 0.000107744
1843 0.000107744
1844 0.000107744
1845 0.000107744
1846 0.000107744
1847 0.000353867
1848 0.000436599
1849 0.000353610
1850 0.000120410
1851 0.000154193
1852 0.000154857
1853 0.000154788
1854 0.000113507
1855 0.000112260
1856 0.000331550
1857 0.000199128
1858 0.000086028
1859 0.000089114
1860 0.000506061
1861 0.000205116
1862 0.000216605
1863 0.000109492
1864 0.000191543
1865 0.000192398
1866 0.000138744
1867 0.000086719
1868 0.000086719
1869 0.000086719
1870 0.000081946
1871 0.000327756
1872 0.000810069
1873 0.000219693
1874 0.000091473
1875 0.000110222
1876 0.000110222
1877 0.001192895
1878 0.000281254
1879 0.000186875
1880 0.000168186
1881 0.000179474
1882 0.000484279
1883 0.000283697
1884 0.000192268
1885 0.000083436
1886 0.000089488
1887 0.000513404
1888 0.000135230
1889 0.000286691
1890 0.000082025
1891 0.000085970
1892 0.000228792
1893 0.000089036
1894 0.000105731
1895 0.000204762
1896 0.000204762
1897 0.000243557
1898 0.000494393
1899 0.000402343
1900 0.000540056
1901 0.000531119
1902 0.000380891
1903 0.000079667
1904 0.000158535
1905 0.000497208
1906 0.000156677
1907 0.000142720
1908 0.000083822
1909 0.000229309
1910 0.000552266
1911 0.000411427
1912 0.000139664
1913 0.000222892
1914 0.000085564
1915 0.000135348
1916 0.000103506
1917 0.000103506
1918 0.000138125
1919 0.000084809
1920 0.000111320
1921 0.000377168
1922 0.000157497
1923 0.000252310
1924 0.000279893
1925 0.000108232
1926 0.000186293
1927 0.000244075
1928 0.000201561
1929 0.000201561
1930 0.000088614
1931 0.000087946
1932 0.000087946
1933 0.000116217
1934 0.000111883
1935 0.000111883
1936 0.000230418
1937 0.000186504
1938 0.000208226
1939 0.000214418
1940 0.000121397
1941 0.000095788
1942 0.000095788
1943 0.000167564
1944 0.000474499
1945 0.000470749
1946 0.000174841
1947 0.000222703
1948 0.000222703
1949 0.000078637
1950 0.000098475
1951 0.000314017
1952 0.000080231
1953 0.000112544
1954 0.000112544
1955 0.000112544
1956 0.000112544
1957 0.000205691
1958 0.000126823
1959 0.003185665
1960 0.000150209
1961 0.000099195
1962 0.000099195
1963 0.000898515
1964 0.000153972
1965 0.000093576
1966 0.000227378
1967 0.000130688
1968 0.000346800
1969 0.000222904
1970 0.000198082
1971 0.000242116
1972 0.000346979
1973 0.000183986
1974 0.000088355
1975 0.000675290
1976 0.000087005
1977 0.000132708
1978 0.000087005
1979 0.000270217
1980 0.000171044
1981 0.000087005
1982 0.000087005
1983 0.000086241
1984 0.000646384
1985 0.000287979
1986 0.000130927
1987 0.000086241
1988 0.000174864
1989 0.000086241
1990 0.000212203
1991 0.000212203
1992 0.000310263
1993 0.000254873
1994 0.000217030
1995 0.000089367
1996 0.000146535
1997 0.000092396
1998 0.000215911
1999 0.000091985
2000 0.000101284
2001 0.000101284
2002 0.000422706
2003 0.000129161
2004 0.000085915
2005 0.000125009
2006 0.000285560
2007 0.000157860
2008 0.000139933
2009 0.000088467
2010 0.000088467
2011 0.000088467
2012 0.000102187
2013 0.000195295
2014 0.000123883
2015 0.000481322
2016 0.000491853
2017 0.001370321
2018 0.000355623
2019 0.000109243
2020 0.000109243
2021 0.000100555
2022 0.000163709
2023 0.000126399
2024 0.001586380
2025 0.000083784
2026 0.000083784
2027 0.000083784
2028 0.000083784
2029 0.000128470
2030 0.000078538
2031 0.000191752
2032 0.000085224
2033 0.000099974
2034 0.000099974
2035 0.000089884
2036 0.000172003
2037 0.000083153
2038 0.000095359
2039 0.000094690
2040 0.000109022
2041 0.000109022
2042 0.000494530
2043 0.000108613
2044 0.000260027
2045 0.000093439
2046 0.000093439
2047 0.000157870
2048 0.000157870
2049 0.000157870
2050 0.000192653
2051 0.000106213
2052 0.000106213
2053 0.000106213
2054 0.000181142
2055 0.000536507
2056 0.000105704
2057 0.000105704
2058 0.000112004
2059 0.000123136
2060 0.000255714
2061 0.000116865
2062 0.000115171
2063 0.000115171
2064 0.000115171
2065 0.000264613
2066 0.000118542
2067 0.000210224
2068 0.000128105
2069 0.000285175
2070 0.000519429
2071 0.000234341
2072 0.000083752
2073 0.000181855
2074 0.000246684
2075 0.000132478
2076 0.000102392
2077 0.000092557
2078 0.000092217
2079 0.000090249
2080 0.000163333
2081 0.000186345
2082 0.000121352
2083 0.000340689
2084 0.000116828
2085 0.000389078
2086 0.000236625
2087 0.000098858
2088 0.000098858
2089 0.000228266
2090 0.000100848
2091 0.000101017
2092 0.000169886
2093 0.000096641
2094 0.000158194
2095 0.000094965
2096 0.000158942
2097 0.000158942
2098 0.000158942
2099 0.000210527
2100 0.000111892
2101 0.000215825
2102 0.000164241
2103 0.000147762
2104 0.000147762
2105 0.000147762
2106 0.000147762
2107 0.000238222
2108 0.000238222
2109 0.000190720
2110 0.000077826
2111 0.000124670
2112 0.000124670
2113 0.000124670
2114 0.000117310
2115 0.000338307
2116 0.000087433
2117 0.000087433
2118 0.000136480
2119 0.000394758
2120 0.000364344
2121 0.000232465
2122 0.000240176
2123 0.000094643
2124 0.000113936
2125 0.000118936
2126 0.000190630
2127 0.000155248
2128 0.000155248
2129 0.000278689
2130 0.000394763
2131 0.000353770
2132 0.000357511
2133 0.000169988
2134 0.000154312
2135 0.000109613
2136 0.000398965
2137 0.000087540
2138 0.000092365
2139 0.000098345
2140 0.000098345
2141 0.000373474
2142 0.000113264
2143 0.000113264
2144 0.000398892
2145 0.000113264
2146 0.000113264
2147 0.000244083
2148 0.000172792
2149 0.000110902
2150 0.000110902
2151 0.000203368
2152 0.000107978
2153 0.000126166
2154 0.000159822
2155 0.000159822
2156 0.000096620
2157 0.000096620
2158 0.000102122
2159 0.000102122
2160 0.000102122
2161 0.000102122
2162 0.000102122
2163 0.000102122
2164 0.000173528
2165 0.000173528
2166 0.000173528
2167 0.000331553
2168 0.000111914
2169 0.000115536
2170 0.000176140
2171 0.000257031
2172 0.000186505
2173 0.000108787
2174 0.000284587
2175 0.000393665
2176 0.000124318
2177 0.000120272
2178 0.000120272
2179 0.000120272
2180 0.000120272
2181 0.000164384
2182 0.000164384
2183 0.000091921
2184 0.000208541
2185 0.000208541
2186 0.000152485
2187 0.000230107
2188 0.000204982
2189 0.000204741
2190 0.000120582
2191 0.000390866
2192 0.000174331
2193 0.000482315
2194 0.000077036
2195 0.000310206
2196 0.000366119
2197 0.000115212
2198 0.000078474
2199 0.000098238
2200 0.000536243
2201 0.000098985
2202 0.000316995
2203 0.000409342
2204 0.000133046
2205 0.000261605
2206 0.000126467
2207 0.000221962
2208 0.000081989
2209 0.000127995
2210 0.000174893
2211 0.000129492
2212 0.000201438
2213 0.000201438
2214 0.000137587
2215 0.000137587
2216 0.000137587
2217 0.000137587
2218 0.000137587
2219 0.000287342
2220 0.000084637
2221 0.000094626
2222 0.000102470
2223 0.000174365
2224 0.000302514
2225 0.000230619
2226 0.000208866
2227 0.000127721
2228 0.000208866
2229 0.000183729
2230 0.000127721
2231 0.000177110
2232 0.000244618
2233 0.000098284
2234 0.000214634
2235 0.000293547
2236 0.000293547
2237 0.000253737
2238 0.000141354
2239 0.000180889
2240 0.000104880
2241 0.000104880
2242 0.000104880
2243 0.000104880
2244 0.000104880
2245 0.000068320
2246 0.000209287
2247 0.000209287
2248 0.000288536
2249 0.000209287
2250 0.000109454
2251 0.000185139
2252 0.000339503
2253 0.000185139
2254 0.000185139
2255 0.000185139
2256 0.000339503
2257 0.000158035
2258 0.000158035
2259 0.000158035
2260 0.000158035
2261 0.000158035
2262 0.000158035
2263 0.000158035
2264 0.000158035
2265 0.000134468
2266 0.000134468
2267 0.000134468
2268 0.000134468
2269 0.000158035
2270 0.000158035
2271 0.000158035
2272 0.000158035
2273 0.000158035
2274 0.000158035
2275 0.000205170
2276 0.000205170
2277 0.000205170
2278 0.000158035
2279 0.000158035
2280 0.000205170
2281 0.000142324
2282 0.000142324
2283 0.000142324
2284 0.000134468
2285 0.000134468
2286 0.000134468
2287 0.000134468
2288 0.000142324
2289 0.000142324
2290 0.000142324
2291 0.000158035
2292 0.000158035
2293 0.000158035
2294 0.000158035
2295 0.000158035
2296 0.000158035
2297 0.000158035
2298 0.000158035
2299 0.000129754
2300 0.000129754
2301 0.000129754
2302 0.000129754
2303 0.000129754
2304 0.000158035
2305 0.000158035
2306 0.000124368
2307 0.000124368
2308 0.000124368
2309 0.000124368
2310 0.000124368
2311 0.000124368
2312 0.000124368
2313 0.000158035
2314 0.000158035
2315 0.000142324
2316 0.000142324
2317 0.000142324
2318 0.000158035
2319 0.000158035
2320 0.000134468
2321 0.000134468
2322 0.000134468
2323 0.000134468
2324 0.000129754
2325 0.000129754
2326 0.000129754
2327 0.000129754
2328 0.000129754
2329 0.000158035
2330 0.000158035
2331 0.000158035
2332 0.000158035
2333 0.000158035
2334 0.000158035
2335 0.000142324
2336 0.000142324
2337 0.000142324
2338 0.000158035
2339 0.000158035
2340 0.000158035
2341 0.000158035
2342 0.000205170
2343 0.000129754
2344 0.000129754
2345 0.000129754
2346 0.000129754
2347 0.000129754
2348 0.000205170
2349 0.000142324
2350 0.000142324
2351 0.000142324
2352 0.000205170
2353 0.000134468
2354 0.000134468
2355 0.000134468
2356 0.000134468
2357 0.000158035
2358 0.000158035
2359 0.000134468
2360 0.000134468
2361 0.000134468
2362 0.000134468
2363 0.000205170
2364 0.000245233
2365 0.000138004
2366 0.000138004
2367 0.000158035
2368 0.000158035
2369 0.000142324
2370 0.000142324
2371 0.000142324
2372 0.000142324
2373 0.000142324
2374 0.000142324
2375 0.000158035
2376 0.000158035
2377 0.000205170
2378 0.000245233
2379 0.000138004
2380 0.000138004
2381 0.000142324
2382 0.000142324
2383 0.000142324
2384 0.000158035
2385 0.000158035
2386 0.000158035
2387 0.000158035
2388 0.000158035
2389 0.000158035
2390 0.000299440
2391 0.000142324
2392 0.000142324
2393 0.000142324
2394 0.000205170
2395 0.000205170
2396 0.000142324
2397 0.000142324
2398 0.000142324
2399 0.000205170
2400 0.000158035
2401 0.000158035
2402 0.000158035
2403 0.000158035
2404 0.000205170
2405 0.000142324
2406 0.000142324
2407 0.000142324
2408 0.000158332
2409 0.000158332
2410 0.000158332
2411 0.000158332
2412 0.000158332
2413 0.000094135
2414 0.000094973
2415 0.000094973
2416 0.000158035
2417 0.000158035
2418 0.000158035
2419 0.000158035
2420 0.000129754
2421 0.000129754
2422 0.000129754
2423 0.000129754
2424 0.000129754
2425 0.000138004
2426 0.000245233
2427 0.000138004
2428 0.000299440
2429 0.000200455
2430 0.000200455
2431 0.000115615
2432 0.000115615
2433 0.000138004
2434 0.000245233
2435 0.000138004
2436 0.000120327
2437 0.000120327
2438 0.000120327
2439 0.000120327
2440 0.000120327
2441 0.000120327
2442 0.000120327
2443 0.000120327
2444 0.000120327
2445 0.000120327
2446 0.000202490
2447 0.000202490
2448 0.000116261
2449 0.000158035
2450 0.000158035
2451 0.000158035
2452 0.000158035
2453 0.000205170
2454 0.000205170
2455 0.000158035
2456 0.000158035
2457 0.000138004
2458 0.000245233
2459 0.000138004
2460 0.000169500
2461 0.000169500
2462 0.000169500
2463 0.000169500
2464 0.000101729
2465 0.000101729
2466 0.000101729
2467 0.000101729
2468 0.000101729
2469 0.000205170
2470 0.000134468
2471 0.000134468
2472 0.000134468
2473 0.000134468
2474 0.000122853
2475 0.000122853
2476 0.000122853
2477 0.000122853
2478 0.000219195
2479 0.000127118
2480 0.000127118
2481 0.000142324
2482 0.000142324
2483 0.000142324
2484 0.000134468
2485 0.000134468
2486 0.000134468
2487 0.000134468
2488 0.000332430
2489 0.000131327
2490 0.000131327
2491 0.000131327
2492 0.000205170
2493 0.000126828
2494 0.000205709
2495 0.000225901
2496 0.000278009
2497 0.000190649
2498 0.000109656
2499 0.000158035
2500 0.000158035
2501 0.000205170
2502 0.000205170
2503 0.000142324
2504 0.000142324
2505 0.000142324
2506 0.000205170
2507 0.000142324
2508 0.000142324
2509 0.000142324
2510 0.000205170
2511 0.000142324
2512 0.000142324
2513 0.000142324
2514 0.000120327
2515 0.000120327
2516 0.000120327
2517 0.000120327
2518 0.000120327
2519 0.000120327
2520 0.000120327
2521 0.000120327
2522 0.000120327
2523 0.000120327
2524 0.000158035
2525 0.000158035
2526 0.000142324
2527 0.000142324
2528 0.000142324
2529 0.000122614
2530 0.000381611
2531 0.000122614
2532 0.000199507
2533 0.000199507
2534 0.000134468
2535 0.000134468
2536 0.000134468
2537 0.000134468
2538 0.000202490
2539 0.000202490
2540 0.000116261
2541 0.000205170
2542 0.000158035
2543 0.000158035
2544 0.000205170
2545 0.000158035
2546 0.000158035
2547 0.000266361
2548 0.000143979
2549 0.000158035
2550 0.000158035
2551 0.000205170
2552 0.000122186
2553 0.000283937
2554 0.000289278
2555 0.000227461
2556 0.000355163
2557 0.000413729
2558 0.000215788
2559 0.000158035
2560 0.000158035
2561 0.000299440
2562 0.000142324
2563 0.000142324
2564 0.000142324
2565 0.000245233
2566 0.000138004
2567 0.000138004
2568 0.000299092
2569 0.000200901
2570 0.000115518
2571 0.000158035
2572 0.000158035
2573 0.000114841
2574 0.000114841
2575 0.000114841
2576 0.000114841
2577 0.000114841
2578 0.000114841
2579 0.000114841
2580 0.000114841
2581 0.000114841
2582 0.000114841
2583 0.000114841
2584 0.000114841
2585 0.000114841
2586 0.000114841
2587 0.000114841
2588 0.000114841
2589 0.000114841
2590 0.000114841
2591 0.000114841
2592 0.000114841
2593 0.000114841
2594 0.000114841
2595 0.000114841
2596 0.000114841
2597 0.000114841
2598 0.000114841
2599 0.000114841
2600 0.000114841
2601 0.000114841
2602 0.000114841
2603 0.000114329
2604 0.000114329
2605 0.000114329
2606 0.000114329
2607 0.000114329
2608 0.000114329
2609 0.000114329
2610 0.000114329
2611 0.000114329
2612 0.000114329
2613 0.000114329
2614 0.000114329
2615 0.000114329
2616 0.000114329
2617 0.000114329
2618 0.000114329
2619 0.000114329
2620 0.000114329
2621 0.000114329
2622 0.000114329
2623 0.000114329
2624 0.000114329
2625 0.000114329
2626 0.000114329
2627 0.000114329
2628 0.000114329
2629 0.000114329
2630 0.000114329
2631 0.000114329
2632 0.000114329
2633 0.000114329
2634 0.000114329
2635 0.000114329
2636 0.000114329
2637 0.000114329
2638 0.000114329
2639 0.000114329
2640 0.000114329
2641 0.000114329
2642 0.000114329
2643 0.000114329
2644 0.000114329
2645 0.000114329
2646 0.000114329
2647 0.000114329
2648 0.000114329
2649 0.000114329
2650 0.000114329
2651 0.000142324
2652 0.000142324
2653 0.000142324
2654 0.000205170
2655 0.000134468
2656 0.000134468
2657 0.000134468
2658 0.000134468
2659 0.000142324
2660 0.000142324
2661 0.000142324
2662 0.000158035
2663 0.000158035
2664 0.000116792
2665 0.000116792
2666 0.000116792
2667 0.000116792
2668 0.000116792
2669 0.000116792
2670 0.000116792
2671 0.000116792
2672 0.000116792
2673 0.000116792
2674 0.000116792
2675 0.000116792
2676 0.000116792
2677 0.000116792
2678 0.000116792
2679 0.000116792
2680 0.000158035
2681 0.000158035
2682 0.000210752
2683 0.000210752
2684 0.000289577
2685 0.000109601
2686 0.000158035
2687 0.000158035
2688 0.000142324
2689 0.000142324
2690 0.000142324
2691 0.000142324
2692 0.000142324
2693 0.000142324
2694 0.000142324
2695 0.000142324
2696 0.000142324
2697 0.000252305
2698 0.000252305
2699 0.000138004
2700 0.000245233
2701 0.000138004
2702 0.000205170
2703 0.000205170
2704 0.000229617
2705 0.000229617
2706 0.000133588
2707 0.000133588
2708 0.000143979
2709 0.000266361
2710 0.000120327
2711 0.000120327
2712 0.000120327
2713 0.000120327
2714 0.000120327
2715 0.000120327
2716 0.000120327
2717 0.000120327
2718 0.000120327
2719 0.000120327
2720 0.000122684
2721 0.000122684
2722 0.000122684
2723 0.000122684
2724 0.000122684
2725 0.000122684
2726 0.000122684
2727 0.000122684
2728 0.000251837
2729 0.000134702
2730 0.000134702
2731 0.000252305
2732 0.000252305
2733 0.000158035
2734 0.000158035
2735 0.000359098
2736 0.000190188
2737 0.000622329
2738 0.000284840
2739 0.000118938
2740 0.000118938
2741 0.000118938
2742 0.000366803
2743 0.000137807
2744 0.000205170
2745 0.000142324
2746 0.000142324
2747 0.000142324
2748 0.000370340
2749 0.000370340
2750 0.000099018
2751 0.000099018
2752 0.000099018
2753 0.000099018
2754 0.000205170
2755 0.000142324
2756 0.000142324
2757 0.000142324
2758 0.000279893
2759 0.000109118
2760 0.000260028
2761 0.000121423
2762 0.000184605
2763 0.000181685
2764 0.000158035
2765 0.000158035
2766 0.000202490
2767 0.000202490
2768 0.000116261
2769 0.000134468
2770 0.000134468
2771 0.000134468
2772 0.000134468
2773 0.000156267
2774 0.000156267
2775 0.000156267
2776 0.000156267
2777 0.000156267
2778 0.000156267
2779 0.000156267
2780 0.000113418
2781 0.000073625
2782 0.000158035
2783 0.000158035
2784 0.000245233
2785 0.000138004
2786 0.000138004
2787 0.000292373
2788 0.000292373
2789 0.000215147
2790 0.000251857
2791 0.000249116
2792 0.000176346
2793 0.000176346
2794 0.000176346
2795 0.000205170
2796 0.000251837
2797 0.000134702
2798 0.000134702
