1401440 0.103611200

0 0.000153312
1 0.000457638
2 0.000154623
3 0.000912321
4 0.001314913
5 0.000996944
6 0.000972586
12 0.000896611
13 0.000865987
14 0.000865987
191 0.000291996
192 0.000401334
193 0.000260750
194 0.000289198
7 0.000745292
8 0.000699773
9 0.000320989
10 0.000143102
11 0.000143102
215 0.000597120
216 0.001070463
217 0.000507689
218 0.000507689
219 0.000184062
701 0.002340789
757 0.001254342
888 0.001054932
889 0.001357584
890 0.001310484
906 0.001251846
920 0.000550104
1169 0.001541407
1257 0.000833676
1259 0.001739433
1275 0.001271767
1276 0.000538764
1284 0.000645076
1288 0.000298146
1314 0.000775358
15 0.000086187
16 0.000086187
17 0.000177308
18 0.000177308
19 0.000177308
20 0.000177308
21 0.000629136
22 0.000120904
23 0.000120904
24 0.000601876
25 0.000812419
26 0.000828848
27 0.000828848
28 0.000749576
29 0.000246796
30 0.000652759
31 0.001064661
32 0.000980634
33 0.000159088
34 0.000159088
35 0.000159088
36 0.000159088
38 0.000777765
39 0.000675270
40 0.000675270
41 0.000748058
42 0.000182206
43 0.000182206
44 0.000182206
45 0.000591953
46 0.000591953
47 0.000591953
48 0.000591953
49 0.000591953
50 0.000591953
51 0.001190318
52 0.001119126
53 0.000192195
54 0.000768013
55 0.000768013
56 0.000505742
58 0.000748114
59 0.000823948
60 0.001339135
61 0.000674164
62 0.000643286
63 0.000643286
64 0.000643286
65 0.000643286
66 0.000643286
67 0.000643286
68 0.000643286
69 0.000643286
70 0.000643286
71 0.000643286
72 0.000643286
73 0.000643286
74 0.000643286
75 0.000643286
76 0.000643286
77 0.000643286
78 0.000643286
79 0.000643286
80 0.000643286
81 0.000643286
82 0.000643286
83 0.000643286
84 0.000643286
85 0.000643286
86 0.000956496
87 0.000732534
88 0.000732534
89 0.000770537
90 0.001060682
91 0.000352985
92 0.000352985
93 0.000352985
94 0.000352985
95 0.000352985
96 0.000352985
97 0.000352985
98 0.000352985
99 0.000460464
100 0.000896892
101 0.000830952
102 0.000676683
103 0.000818820
104 0.000736020
105 0.000736020
106 0.000736020
107 0.000766908
108 0.000692845
109 0.000717833
110 0.000820206
111 0.000442679
112 0.000994066
113 0.000384012
114 0.000493184
115 0.000520280
116 0.000439153
117 0.000468470
118 0.000694358
119 0.000604967
120 0.000955859
121 0.000571123
122 0.000689583
123 0.000576129
124 0.000559976
125 0.000559976
126 0.000559976
127 0.000559976
128 0.000559976
129 0.000559976
130 0.000559976
131 0.000559976
132 0.000559976
133 0.000559976
134 0.000559976
135 0.000559976
136 0.000559976
137 0.000559976
138 0.000559976
139 0.000559976
140 0.000559976
141 0.000559976
142 0.000559976
143 0.000559976
144 0.000559976
145 0.000559976
146 0.000559976
147 0.000559976
148 0.000559976
149 0.000559976
150 0.000559976
151 0.000559976
152 0.000559976
153 0.000559976
154 0.000559976
155 0.000559976
156 0.000559976
157 0.000559976
158 0.000559976
159 0.000559976
160 0.000559976
161 0.000559976
162 0.000559976
163 0.000559976
164 0.000559976
165 0.000873091
166 0.000873091
167 0.000873091
168 0.000579559
169 0.000579559
170 0.000579559
171 0.000622303
172 0.000691045
173 0.000559976
174 0.000559976
175 0.000593356
176 0.000593356
177 0.000593356
178 0.000656760
179 0.000656760
180 0.000761009
181 0.000678595
182 0.000629381
183 0.000678466
184 0.000675114
185 0.001271262
186 0.000701709
187 0.000752688
188 0.000752688
189 0.000864489
190 0.000843927
195 0.000169424
196 0.000212765
197 0.001402231
198 0.000775980
199 0.001490001
200 0.000169424
201 0.000169424
202 0.000169424
203 0.000169424
204 0.000111798
205 0.000111798
222 0.000794122
223 0.000205896
224 0.000205896
225 0.000205896
226 0.000205896
227 0.000205896
228 0.000205896
229 0.000256934
230 0.000357104
231 0.001719009
232 0.000480618
233 0.000501445
234 0.000386642
264 0.000431845
372 0.001669248
390 0.000356006
507 0.000959629
796 0.000348519
1268 0.000582942
1336 0.000839236
1421 0.000307907
1438 0.000806674
1439 0.000705997
1440 0.000726393
1449 0.000492525
1453 0.000347312
1454 0.000297996
1455 0.000297996
1456 0.000297996
1457 0.000297996
1458 0.000297996
1459 0.000457640
1460 0.000341425
1461 0.000947345
1462 0.000937383
1463 0.000221004
1464 0.000221004
1465 0.000221004
1466 0.001003580
1467 0.000565371
592 0.001571662
1048 0.000882874
1049 0.000956310
1053 0.001046833
1054 0.000482918
1055 0.000239037
1064 0.000174509
1116 0.000386290
1119 0.000596597
1120 0.000894410
1121 0.000417871
1122 0.000867921
1123 0.000593708
1124 0.000593708
1125 0.000417871
1126 0.000535144
1127 0.000359266
1128 0.000386290
1129 0.000386290
1130 0.000386290
1131 0.000386290
1132 0.000386290
1133 0.000386290
1134 0.000386290
1135 0.000723372
1136 0.000723372
1137 0.000534899
1138 0.000250868
1149 0.000342352
1150 0.000342352
1151 0.000342352
1152 0.000342352
1153 0.000342352
1154 0.000342352
1155 0.000342352
1156 0.000342352
1157 0.000342352
1158 0.000268783
1159 0.000268783
1160 0.000268783
811 0.001075737
904 0.000810660
907 0.000736580
908 0.000856988
1117 0.000429432
1118 0.000099110
1166 0.000295499
1323 0.000321686
1324 0.000321686
37 0.000180821
249 0.000712025
296 0.000307405
359 0.001024744
370 0.001021541
386 0.000566801
395 0.001036136
401 0.000569308
418 0.000640184
419 0.000789247
420 0.000534334
421 0.000534334
422 0.000534334
423 0.000534334
424 0.000534334
425 0.000534334
426 0.000534334
427 0.000534334
428 0.000534334
429 0.000534334
430 0.000534334
431 0.000534334
432 0.000534334
433 0.000662065
434 0.000662065
435 0.000662065
436 0.000662065
437 0.000662065
438 0.000662065
439 0.000662065
440 0.000662065
441 0.000768005
442 0.000768005
443 0.000917152
444 0.000534334
445 0.000534334
446 0.000534334
447 0.000534334
448 0.000534334
449 0.000534334
450 0.000534334
451 0.000534334
452 0.000534334
453 0.000534334
454 0.000534334
455 0.000534334
456 0.000534334
457 0.000684122
458 0.000684122
459 0.000684122
460 0.000684122
461 0.000684122
462 0.000684122
463 0.000684122
464 0.000684122
465 0.000726609
466 0.000630997
467 0.000556385
468 0.000556385
469 0.000556385
470 0.000556385
471 0.000556385
472 0.000556385
473 0.000556385
474 0.000556385
475 0.000556385
476 0.000811330
482 0.000617844
483 0.000592712
484 0.000592712
485 0.000592712
486 0.000592712
487 0.000592712
488 0.000592712
489 0.000461134
490 0.000461134
491 0.000461134
492 0.000461134
493 0.000461134
494 0.000461134
495 0.000461134
496 0.000461134
497 0.000461134
498 0.000461134
499 0.000461134
500 0.000461134
501 0.000461134
502 0.000461134
503 0.000461134
504 0.000461134
505 0.000461134
506 0.000573929
508 0.000600922
356 0.001155755
388 0.000616860
394 0.000176670
396 0.000163485
397 0.000163485
398 0.000163485
399 0.000407061
400 0.000492788
402 0.000886693
403 0.000818134
57 0.000083171
601 0.000817715
894 0.000518930
1086 0.000892998
1087 0.001001266
1088 0.000623349
1089 0.000623349
1094 0.000475148
1095 0.000702943
1097 0.000366985
1098 0.000366985
1099 0.000353146
1101 0.000281716
1103 0.000353956
1104 0.000353956
1105 0.000353956
1106 0.000429912
1107 0.000303634
1109 0.000273087
1110 0.000192712
1111 0.000192712
1293 0.000673204
1321 0.000372015
1322 0.000373633
417 0.000518139
512 0.000299825
513 0.000299825
514 0.000299825
515 0.000299825
516 0.000299825
517 0.000299825
518 0.000299825
519 0.000299825
520 0.000299825
521 0.000299825
522 0.000299825
523 0.000299825
524 0.000299825
525 0.000299825
526 0.000299825
527 0.000299825
528 0.000299825
529 0.000299825
530 0.000299825
531 0.000299825
532 0.000299825
533 0.000357778
534 0.000349559
535 0.000637092
537 0.000181947
542 0.000181947
543 0.000157540
544 0.000157540
545 0.000157540
546 0.000157540
547 0.000157540
548 0.000219146
549 0.000305973
301 0.000172730
1424 0.001217648
1630 0.001047649
551 0.000223624
584 0.000790839
647 0.000357853
1017 0.000318519
1139 0.000194216
1140 0.000194216
1141 0.000194216
1142 0.000353658
247 0.000740599
610 0.000467309
624 0.000419199
1170 0.000504765
1260 0.001143324
1261 0.000601199
1263 0.000786817
1264 0.000796252
1278 0.000798965
1282 0.000820648
1295 0.000269751
1296 0.000431405
1297 0.000439654
1298 0.000255906
1299 0.000374997
1300 0.000395351
1301 0.000323247
1302 0.000214546
1303 0.000214546
1304 0.000356267
1305 0.000356267
367 0.000383752
553 0.000059157
905 0.000875561
1245 0.000739831
1447 0.000446523
1450 0.000317462
1451 0.000317462
1452 0.000317462
266 0.000381793
267 0.000069511
389 0.000947257
756 0.001160002
1071 0.001086567
1172 0.000556377
1178 0.000409313
1185 0.000828609
1196 0.000574649
1205 0.000454047
1206 0.000454047
1207 0.000454047
1208 0.000454047
1209 0.000454047
1210 0.000454047
1211 0.000454047
1212 0.000376335
1213 0.000376335
1214 0.000376335
1215 0.000376335
1216 0.000376335
1217 0.000376335
1218 0.000376335
1219 0.000376335
1220 0.000376335
1221 0.000376335
1222 0.000376335
1223 0.000376335
1224 0.000376335
1225 0.000753935
1290 0.000316411
1540 0.000618414
265 0.000724040
650 0.000601446
651 0.000473088
1063 0.000680802
1085 0.000834609
1258 0.000753528
1262 0.000712265
1265 0.000701283
243 0.000107328
244 0.000107328
245 0.000200689
246 0.000108360
379 0.000268408
380 0.000268408
381 0.000328656
387 0.000557622
391 0.000432176
392 0.000453635
262 0.000083710
263 0.000094313
268 0.000098610
269 0.000098610
270 0.000118095
271 0.000199722
272 0.000438588
273 0.000325267
274 0.000145859
377 0.000345615
552 0.000073054
346 0.000102327
347 0.000102327
239 0.000277703
250 0.000367367
1279 0.000348225
1280 0.000495839
1320 0.000271310
868 0.000277792
1521 0.000636908
1524 0.000179204
2074 0.000255147
2075 0.000108592
2076 0.000058208
615 0.000358950
1309 0.000277925
1547 0.000058180
556 0.000842036
557 0.000901034
560 0.000146283
561 0.000127225
574 0.000101431
575 0.000101431
477 0.000375068
509 0.000224492
510 0.000193407
511 0.000151688
1656 0.000275398
1658 0.000117602
1143 0.000166861
1144 0.000106249
373 0.000913641
1062 0.000566634
1072 0.000529437
1073 0.000586013
1074 0.000352639
1075 0.000352639
1076 0.000352639
1077 0.000352639
1078 0.000352639
1079 0.000352639
1080 0.000352639
1081 0.000352639
1082 0.000414350
1083 0.000458271
1084 0.000516420
1090 0.001011975
1556 0.000283532
1595 0.000479438
1647 0.001217326
1648 0.001250917
1649 0.000684955
1661 0.000697744
1662 0.000257927
1663 0.000375447
1666 0.001056121
1671 0.000756189
1672 0.000779145
1673 0.000235242
208 0.000104856
209 0.000104856
206 0.000405131
207 0.000289181
210 0.000174558
541 0.000168790
587 0.000247808
588 0.000247808
1040 0.000222795
1041 0.000256314
1042 0.000256314
1043 0.000256314
1044 0.000256314
1045 0.000256314
1046 0.000222795
1047 0.000222795
1093 0.000227708
1096 0.000275248
1100 0.000198867
1102 0.000179195
1112 0.000077602
1113 0.000153502
1114 0.000153502
1115 0.000153502
369 0.001184169
606 0.000499414
700 0.000845980
831 0.001124347
902 0.000176406
903 0.000206323
919 0.000385708
1167 0.000423353
1488 0.000692099
1520 0.000464150
1544 0.000259933
1545 0.000242499
1546 0.000242499
1563 0.001283298
1584 0.000452399
1585 0.000452399
1609 0.000313961
1610 0.000337162
1611 0.000337162
1612 0.000337162
1613 0.000337162
1616 0.000246653
632 0.000831604
633 0.000272459
634 0.000272459
635 0.000272459
636 0.000138856
637 0.000138856
211 0.000128417
212 0.000155969
213 0.000155969
214 0.000155969
1633 0.000832293
1692 0.000319094
220 0.000196691
221 0.000118377
790 0.000391336
793 0.000257907
569 0.000148400
570 0.000148400
571 0.000148400
261 0.000061510
363 0.000276203
364 0.000165831
365 0.000165831
366 0.000322765
368 0.000310194
235 0.000077016
236 0.000501815
237 0.000115848
238 0.000115848
240 0.000216570
241 0.000145231
242 0.000145231
642 0.000228606
643 0.000228606
644 0.000228606
645 0.000301318
865 0.000427400
1002 0.000270152
1066 0.000403268
1181 0.000169961
1182 0.000169961
1183 0.000169961
1184 0.000169961
1186 0.001689541
1267 0.000413439
1269 0.000384194
1277 0.000391438
1425 0.000365397
1426 0.000251477
1427 0.000251477
1428 0.000251477
1429 0.000251477
1430 0.000251477
1431 0.000448973
1432 0.000414563
1433 0.000414563
1434 0.000241090
1435 0.000241090
1436 0.000241090
1437 0.000241090
562 0.000241560
563 0.000385214
576 0.000063917
604 0.000387487
605 0.000302969
799 0.001710880
812 0.000162643
813 0.000393696
302 0.000522961
303 0.000522961
304 0.000522961
305 0.000457141
306 0.000457141
307 0.000457141
308 0.000457141
309 0.000457141
310 0.000457141
311 0.000457141
312 0.000419706
313 0.000419706
314 0.000419706
315 0.000195857
316 0.000407820
317 0.000407820
318 0.000191121
319 0.000191121
320 0.000191121
321 0.000407820
322 0.000407820
323 0.000407820
324 0.000407820
325 0.000407820
326 0.000407820
327 0.000407820
328 0.000632461
329 0.000407820
330 0.000407820
331 0.000407820
332 0.000407820
333 0.000407820
334 0.000407820
335 0.000407820
336 0.000407820
337 0.000407820
338 0.000407820
339 0.000407820
340 0.000503421
922 0.000608219
923 0.000422198
924 0.000253423
925 0.000221962
1786 0.000305831
1787 0.000242655
1788 0.000291401
248 0.000237216
566 0.000586001
1197 0.000224121
1198 0.000293226
1199 0.000446527
1200 0.000224121
1201 0.000224121
1202 0.000293226
2122 0.000252139
2123 0.000123951
675 0.000914333
1790 0.000737521
1807 0.000211315
1808 0.000211315
404 0.000353027
405 0.000353027
406 0.000353027
407 0.000353027
408 0.000353027
409 0.000353027
410 0.000353027
411 0.000353027
412 0.000353027
413 0.000353027
414 0.000353027
415 0.000353027
416 0.000353027
478 0.000353027
479 0.000353027
480 0.000353027
481 0.000353027
251 0.000332984
252 0.000332984
253 0.000332984
254 0.000332984
255 0.000332984
256 0.000332984
257 0.000332984
258 0.000332984
259 0.000332984
260 0.000332984
679 0.000771322
699 0.000320330
897 0.000717673
1270 0.000301338
1271 0.000183763
1418 0.000500368
1441 0.000435021
1448 0.000320957
275 0.000464604
276 0.000485681
277 0.000485681
278 0.000485681
279 0.000270996
280 0.000270996
281 0.000270996
2077 0.000095012
2078 0.000091137
282 0.000137536
283 0.000137536
292 0.000233402
293 0.000233402
294 0.000233402
295 0.000233402
284 0.000313785
285 0.000313785
286 0.000313785
287 0.000313785
288 0.000313785
289 0.000313785
290 0.000313785
291 0.000313785
297 0.000146626
298 0.000172401
299 0.000185539
1654 0.000339573
300 0.000206494
341 0.000130274
342 0.000130274
343 0.000130274
616 0.000358564
990 0.000500086
1161 0.000188658
1162 0.000188658
1163 0.000188658
1164 0.000188658
1165 0.000188658
1572 0.000284997
344 0.000114426
345 0.000114426
348 0.000276113
349 0.000276113
350 0.000276113
351 0.000276113
352 0.000276113
353 0.000276113
354 0.000276113
355 0.000422798
357 0.000090168
358 0.000090168
382 0.000124240
383 0.000156321
384 0.000156321
385 0.000156321
360 0.000271371
361 0.000086171
362 0.000060542
371 0.000081730
374 0.000171407
375 0.000337106
376 0.000373341
378 0.000753852
722 0.000907285
737 0.000422235
739 0.000242847
862 0.000201843
1195 0.000359857
1372 0.000269950
393 0.000075573
622 0.001461561
879 0.000818031
1670 0.000256756
1377 0.000391562
1381 0.000739174
1385 0.000391562
1389 0.000193699
1390 0.000193699
1391 0.000193699
558 0.000824922
559 0.000614987
564 0.000407234
568 0.000128810
579 0.000246194
580 0.000275047
581 0.000275047
582 0.000275047
583 0.000318767
659 0.000498098
660 0.000702608
661 0.000811406
671 0.000436666
672 0.000662083
673 0.000528868
678 0.000700270
681 0.000678550
704 0.000468018
708 0.000468018
725 0.000517395
747 0.000214966
748 0.000214966
749 0.000214966
750 0.000452603
751 0.000498888
752 0.000526243
1494 0.000464331
536 0.000059691
538 0.000232952
539 0.000122778
540 0.000122778
1318 0.000167854
1319 0.000167854
1380 0.000334604
1422 0.000117592
1423 0.000117592
1442 0.000173270
1443 0.000173270
1444 0.000173270
1445 0.000297592
1446 0.000259659
1632 0.000096401
995 0.000393223
997 0.000310400
1601 0.000647365
1784 0.000493710
1785 0.000493710
1791 0.000310400
1792 0.000310400
1793 0.000310400
1794 0.000310400
896 0.000386368
1179 0.000227200
1317 0.000485918
1292 0.000149203
1474 0.000193913
1475 0.000111565
1476 0.000297947
1477 0.000213584
555 0.000259275
578 0.000761086
599 0.000287878
600 0.000528124
602 0.000140718
603 0.000351298
617 0.000218673
618 0.000623032
619 0.000599663
662 0.000636931
1343 0.000298636
1344 0.000298636
1345 0.000298636
1346 0.000277421
1349 0.000250450
1350 0.000250450
1351 0.000250450
1352 0.000198498
1232 0.000074329
1718 0.000225385
1720 0.000122533
1721 0.000091238
2006 0.000315875
2018 0.000492118
2234 0.000318326
2235 0.000318326
2236 0.000318326
2237 0.000318326
2238 0.000318326
2239 0.000318326
2240 0.000318326
2241 0.000318326
2242 0.000318326
2243 0.000318326
2244 0.000318326
2245 0.000318326
565 0.001123756
674 0.000429353
702 0.000314339
703 0.000314339
705 0.000314339
706 0.000314339
707 0.000314339
709 0.000314339
710 0.000314339
711 0.000368769
870 0.000206787
1050 0.000288064
1051 0.000322975
1052 0.000127667
1561 0.000252814
1562 0.000522717
1564 0.000245612
1565 0.000181555
1605 0.000260333
1606 0.000100297
1607 0.000127361
1608 0.000127361
627 0.000345506
712 0.000271623
713 0.000271623
717 0.000160501
718 0.000126472
719 0.000069684
720 0.000087888
721 0.000443902
550 0.000059741
1928 0.000253682
1929 0.000253682
1931 0.000170660
1932 0.000170660
797 0.000598968
554 0.000059266
1887 0.000842196
1892 0.000252197
1959 0.003180053
2002 0.000499191
2005 0.000246071
2016 0.000482394
2017 0.001418773
772 0.000384550
567 0.000182854
572 0.000129378
573 0.000129378
594 0.000350515
595 0.000258751
596 0.000258751
597 0.000258751
698 0.000091655
723 0.000343157
724 0.000321255
726 0.000192063
727 0.000343157
728 0.000343157
729 0.000343157
730 0.000343157
731 0.000343157
732 0.000343157
733 0.000288864
734 0.000288864
1469 0.000098711
1056 0.000182234
1057 0.000264016
1058 0.000216357
1059 0.000216357
1060 0.000216357
1061 0.000216357
577 0.000094195
585 0.000205978
664 0.000440357
665 0.000440357
666 0.000229498
685 0.000123387
686 0.000123387
687 0.000123387
688 0.000184825
693 0.000405215
694 0.000425312
695 0.000259095
696 0.000439351
697 0.000089680
716 0.000120100
1189 0.000474118
1356 0.000217091
1357 0.000217091
1481 0.000165469
1551 0.000485266
652 0.000106039
631 0.000312954
745 0.000280274
586 0.000105989
589 0.000232533
590 0.000144188
591 0.000315457
598 0.000126865
593 0.000215111
607 0.000195141
608 0.000195141
609 0.000195141
611 0.000092365
612 0.000092365
613 0.000124096
614 0.000149319
620 0.000071140
621 0.000307917
623 0.000092934
625 0.000364061
626 0.000354150
628 0.000149560
629 0.000149560
791 0.000656370
1108 0.000165600
1331 0.000415801
1364 0.000379952
1378 0.000320971
1379 0.000320971
1382 0.000306907
1383 0.000306907
1384 0.000306907
1386 0.000306907
1387 0.000306907
1388 0.000593702
1489 0.000545310
1490 0.000492868
1491 0.000545310
1492 0.000545310
1493 0.000545310
1496 0.000482316
1501 0.000481131
761 0.000259093
766 0.000105318
767 0.000105318
646 0.000210903
1146 0.000262787
1147 0.000262787
1148 0.000262787
2089 0.000446228
2093 0.000153257
2094 0.000290564
822 0.000838735
837 0.000459547
838 0.000148310
839 0.000692326
844 0.000331202
863 0.000213947
866 0.000179412
875 0.000184874
876 0.000184874
877 0.000184874
878 0.000378627
881 0.000156396
882 0.000136334
883 0.000387328
884 0.000145240
885 0.000145240
886 0.000235435
887 0.000134398
891 0.000293378
892 0.000405699
893 0.000213468
895 0.000200037
900 0.000411923
921 0.000099035
972 0.000287255
1187 0.000510379
1333 0.000436995
1334 0.000253477
1573 0.001467456
1582 0.000407759
1188 0.000432574
1306 0.000273350
1307 0.000273350
1308 0.000273350
1310 0.000273350
853 0.000261790
980 0.000607539
985 0.000335127
1898 0.000645346
1914 0.000229530
1177 0.000406662
1240 0.000164222
1241 0.000164222
1242 0.000313972
1243 0.000222720
1244 0.000584912
630 0.000083598
743 0.000254282
744 0.000254282
746 0.000254282
638 0.000156032
639 0.000283398
640 0.000494527
641 0.000216082
2022 0.000252941
2141 0.000803471
2144 0.000788328
2065 0.000270127
648 0.000130758
649 0.000130758
653 0.000341963
654 0.000341963
655 0.000341963
656 0.000133503
657 0.000371524
658 0.000283386
667 0.000212578
760 0.000333163
763 0.000248405
764 0.000203953
765 0.000203953
983 0.000504208
988 0.000281386
663 0.000239650
668 0.000208269
669 0.000208269
670 0.000208269
680 0.000349377
676 0.000239981
677 0.000202515
821 0.000237516
823 0.000535320
1747 0.000658691
1750 0.000374095
1751 0.000374095
1752 0.000413441
1753 0.000523327
1754 0.000486003
1755 0.000374095
1783 0.000457682
1801 0.000415041
1802 0.000196117
1803 0.000137188
1804 0.000408042
1805 0.000247611
1806 0.000247611
682 0.000103063
683 0.000273870
684 0.000103063
691 0.000195893
736 0.000149363
1335 0.000112540
1338 0.000206245
1339 0.000171565
1340 0.000206245
1341 0.000206245
1342 0.000206245
740 0.000178121
1360 0.000102912
1366 0.000100947
1367 0.000100947
689 0.000152712
690 0.000209716
1642 0.000755359
1712 0.000295069
692 0.000137485
738 0.000333790
1653 0.000102166
2091 0.000175498
2092 0.000175498
913 0.000170189
915 0.000440078
918 0.000073153
1337 0.000254877
758 0.000274276
759 0.000171619
771 0.000347454
773 0.000580064
774 0.000265064
775 0.000265064
846 0.000319530
1175 0.000308733
1180 0.000126724
1247 0.000218104
1266 0.000235700
1272 0.000206402
1273 0.000206402
1274 0.000206402
1281 0.000246618
1285 0.000247666
1286 0.000198338
1287 0.000198338
1289 0.000100290
1311 0.000314490
1312 0.000134973
1313 0.000111261
1325 0.000309069
1478 0.000257119
1479 0.000294958
1176 0.000097369
714 0.000169670
715 0.000169670
973 0.000613639
993 0.000165005
994 0.000236054
1007 0.000353902
1009 0.000721742
1021 0.000452736
847 0.000332214
855 0.000357422
858 0.000299325
859 0.000129993
864 0.000547028
867 0.000300441
1614 0.000236291
735 0.000231272
1417 0.000312071
1420 0.000103544
741 0.000171936
742 0.000130652
753 0.000185011
754 0.000185011
755 0.000185011
777 0.000388216
762 0.000163341
1291 0.000115566
1294 0.000080902
1371 0.000204027
1369 0.000131406
768 0.000164270
769 0.000164270
770 0.000164270
776 0.000267783
778 0.000427692
779 0.000267783
784 0.000223613
780 0.000200823
781 0.000101371
782 0.000184633
783 0.000184633
785 0.000141451
786 0.000410452
787 0.000204021
788 0.000368059
789 0.000204021
792 0.000158017
794 0.000279886
830 0.000735989
998 0.001130394
1168 0.000214266
1690 0.000107267
2136 0.000534752
2137 0.000119610
795 0.000088216
798 0.000477665
800 0.000138784
801 0.000437225
802 0.000244942
803 0.000169914
804 0.000169914
840 0.000446915
1781 0.000244374
1953 0.000309609
1954 0.000309609
1955 0.000309609
1956 0.000309609
809 0.000092500
810 0.000092500
814 0.000388366
815 0.000302029
816 0.000393916
817 0.000246809
818 0.000191004
819 0.000216979
826 0.000577748
827 0.000165922
828 0.000547110
829 0.000584829
832 0.000418868
833 0.000418868
834 0.000498054
835 0.000587229
836 0.000873897
841 0.000188803
1016 0.000205141
1018 0.000273388
805 0.000224524
806 0.000116170
807 0.000177018
808 0.000286341
996 0.000473988
1013 0.000374043
1975 0.000820840
911 0.000124317
912 0.000124317
914 0.000260942
916 0.000194928
917 0.000194928
1558 0.000096060
1559 0.000167061
1560 0.000167061
2224 0.000256841
2225 0.000182807
820 0.000146446
824 0.000156307
825 0.000156307
1234 0.000492965
1586 0.000341750
1599 0.000195850
1600 0.000195850
1617 0.000094168
1998 0.000292039
1847 0.000422115
1848 0.000477429
1849 0.000477429
1850 0.000359490
1851 0.000350137
1852 0.000253446
1854 0.000257806
2167 0.000425765
2168 0.000095656
999 0.001266550
1860 0.000662408
1872 0.000988075
1877 0.001090990
1878 0.000537061
1923 0.000239405
982 0.000229036
992 0.000111912
1000 0.000124597
1001 0.000131861
1800 0.000142585
1972 0.000507417
2015 0.000491490
1873 0.000451222
2012 0.000176308
2013 0.000285214
2024 0.001737350
2158 0.000355019
2159 0.000355019
2160 0.000355019
2161 0.000355019
2162 0.000355019
2163 0.000355019
2164 0.000355019
2165 0.000355019
2166 0.000355019
842 0.000316431
843 0.000217775
845 0.000337996
848 0.000276944
849 0.000155115
1036 0.000295263
1740 0.000490330
974 0.000240495
975 0.000335043
1004 0.000461982
1696 0.000404202
1697 0.000296392
1698 0.000383604
1699 0.000296392
1700 0.000296392
1233 0.000089528
1238 0.000182309
850 0.000159885
851 0.000440513
1856 0.000429176
1857 0.000248018
1924 0.000292302
852 0.000212968
854 0.000210726
856 0.000153262
2193 0.000706225
2200 0.000529187
857 0.000446274
871 0.000388664
872 0.000296775
873 0.000296775
874 0.000212688
860 0.000501910
861 0.000236800
1705 0.000249428
1706 0.000446919
1707 0.000238547
1708 0.000380083
1709 0.000409900
1719 0.000140908
1736 0.000256044
1737 0.000256044
1738 0.000147225
1739 0.000147225
1368 0.000071529
869 0.000130939
880 0.000194016
976 0.000109201
1413 0.000223886
1414 0.000223886
1415 0.000223886
1416 0.000223886
1419 0.000335537
1252 0.000582743
1254 0.000245047
1174 0.000224329
1315 0.000166691
1316 0.000166691
1495 0.000438132
1499 0.000438132
1504 0.000253044
1487 0.000234477
1497 0.000410683
1498 0.000410683
1500 0.000410683
1502 0.000409502
1503 0.000398950
1505 0.000409502
1506 0.000409502
1507 0.000409502
1508 0.000398950
1509 0.000398950
1510 0.000398950
1511 0.000398950
1512 0.000398950
1513 0.000398950
1514 0.000398950
1515 0.000398950
1516 0.000398950
1517 0.000398950
1518 0.000398950
898 0.000216099
899 0.000216099
901 0.000124257
909 0.000120365
910 0.000120365
1249 0.000092885
1347 0.000170681
1348 0.000170681
1519 0.000065214
1038 0.000222893
1039 0.000222893
1765 0.000468325
1768 0.000223889
1769 0.000155072
1770 0.000091637
1537 0.000561704
926 0.000474816
927 0.000474816
986 0.000328245
991 0.000175992
1640 0.000378474
1702 0.000208099
1839 0.000311666
1840 0.000311666
1841 0.000311666
1842 0.000311666
1843 0.000311666
1844 0.000311666
1845 0.000311666
1846 0.000311666
930 0.000456326
931 0.000084024
928 0.000399777
929 0.000399777
946 0.000399777
948 0.000399777
949 0.000399777
950 0.000399777
932 0.000355391
933 0.000385371
934 0.000385371
935 0.000385371
936 0.000385371
937 0.000385371
938 0.000385371
939 0.000385371
940 0.000385371
941 0.000385371
942 0.000385371
943 0.000385371
944 0.000385371
945 0.000385371
947 0.000385371
951 0.000385371
952 0.000385371
953 0.000377795
954 0.000385371
955 0.000385371
956 0.000385371
957 0.000385371
958 0.000385371
959 0.000377795
960 0.000377795
961 0.000377795
962 0.000385371
963 0.000385371
964 0.000385371
965 0.000385371
966 0.000385371
967 0.000385371
968 0.000385371
969 0.000385371
970 0.000385371
971 0.000385371
1008 0.000681220
1010 0.000157513
1011 0.000157513
1012 0.000106389
2035 0.000230841
2036 0.000338901
977 0.000230801
978 0.000230801
979 0.000302262
981 0.000165407
984 0.000144564
987 0.000124989
1636 0.000279661
1638 0.000206385
1639 0.000250579
989 0.000114024
1569 0.000171514
1570 0.000247247
1571 0.000171514
1003 0.000202383
1014 0.000573128
1528 0.000466322
1531 0.000371750
1532 0.000212992
1534 0.000138557
1535 0.000364755
1536 0.000094265
1899 0.000553988
1900 0.000665984
1903 0.000272473
1904 0.000368097
1905 0.000594664
1910 0.000793166
1913 0.000461510
1871 0.000536507
1874 0.000150428
1879 0.000199973
1880 0.000293376
1881 0.000185059
1882 0.000948578
1889 0.000590987
1890 0.000186046
1893 0.000141240
1926 0.000221239
1927 0.000333647
1005 0.000147271
1006 0.000114393
1831 0.000580958
1862 0.000557469
1864 0.000526057
1865 0.000229982
1866 0.000185613
1867 0.000344805
1868 0.000344805
1869 0.000344805
1870 0.000307511
1030 0.000638139
1015 0.000117817
1963 0.000988212
1985 0.000271248
1019 0.000228166
1020 0.000228166
1022 0.000131195
1023 0.000455966
1024 0.000183421
1025 0.000415782
1026 0.000301227
1027 0.000368253
1032 0.000248972
1028 0.000352398
1029 0.000352398
1031 0.000253923
1033 0.000144633
1034 0.000288038
1035 0.000176646
1037 0.000227110
1065 0.000129900
1067 0.000147030
1068 0.000147030
1069 0.000132201
1070 0.000095694
1190 0.000224278
1191 0.000224278
1192 0.000224278
1193 0.000224278
1194 0.000224278
1392 0.000253450
1393 0.000253450
1394 0.000253450
1395 0.000253450
1396 0.000253450
1397 0.000253450
1398 0.000253450
1376 0.000067692
1091 0.000110754
1092 0.000110754
1332 0.000093373
1171 0.000167785
1470 0.000442157
1578 0.000458137
1665 0.000438631
1680 0.000401813
1681 0.000401813
1682 0.000401813
1683 0.000401813
1684 0.000401813
1685 0.000401813
1686 0.000401813
1687 0.000401813
1688 0.000401813
1689 0.000441655
2154 0.000193245
2155 0.000193245
2156 0.000193245
2157 0.000193245
1145 0.000077869
1283 0.000165155
1173 0.000080401
1248 0.000073433
1354 0.000197035
1543 0.000085994
1576 0.000115777
1577 0.000249776
1579 0.000115777
1580 0.000115777
1581 0.000115777
1583 0.000135032
1587 0.000127604
1588 0.000164877
1589 0.000127604
1590 0.000092568
1591 0.000092568
1592 0.000092568
1593 0.000092568
1594 0.000092568
1596 0.000172035
1597 0.000133144
1598 0.000133144
1602 0.000133001
1603 0.000133001
1635 0.000337259
1676 0.000241397
1677 0.000241397
1678 0.000241397
1679 0.000241397
1373 0.000467996
1203 0.000125353
1204 0.000125353
1226 0.000183566
1227 0.000183566
1228 0.000183566
1229 0.000183566
1230 0.000183566
1231 0.000183566
1574 0.000191154
1604 0.000085511
1235 0.000225306
1236 0.000225306
1239 0.000122901
1237 0.000181903
1246 0.000142817
1256 0.000139822
1361 0.000075915
1362 0.000075915
1363 0.000075915
1365 0.000092913
1250 0.000283036
1251 0.000196340
1253 0.000196340
1255 0.000185577
1410 0.000176193
1355 0.000114203
1358 0.000148697
1359 0.000165028
2079 0.000100899
2080 0.000143394
2081 0.000206332
2232 0.000319843
2233 0.000140682
1486 0.000101024
1412 0.000068187
2174 0.000650750
2175 0.000341619
1728 0.000259937
1729 0.000178231
1326 0.000320968
1327 0.000195802
1328 0.000160187
1329 0.000108795
1330 0.000461514
1798 0.000624612
1819 0.000767281
1370 0.000180959
1814 0.000170119
1815 0.000170119
1818 0.000294636
1883 0.000414460
1908 0.000181046
1730 0.000397891
1353 0.000087726
1374 0.000211366
2096 0.000384694
2097 0.000384694
2098 0.000384694
2099 0.000384694
2100 0.000354893
2101 0.000354893
2102 0.000354893
2103 0.000424233
2104 0.000424233
2105 0.000424233
2106 0.000424233
2107 0.000455918
2108 0.000455918
2109 0.000455918
2111 0.000270604
2112 0.000270604
2113 0.000270604
1375 0.000144061
1399 0.000202789
1400 0.000336128
1401 0.000336128
1402 0.000336128
1403 0.000336128
1404 0.000336128
1405 0.000307256
1406 0.000307256
1407 0.000307256
1408 0.000307256
1409 0.000307256
1411 0.000129112
1631 0.000115595
1634 0.000117879
1637 0.000142968
1641 0.000085631
1643 0.000317093
1644 0.000204767
1645 0.000204767
1646 0.000249820
1650 0.000324529
1651 0.000212317
1652 0.000212317
1837 0.000139326
1838 0.000139326
1970 0.000297318
2031 0.000307557
2038 0.000132033
2039 0.000125060
1858 0.000200723
1468 0.000066831
1471 0.000154317
1472 0.000154317
1473 0.000154317
1812 0.000178720
1789 0.000310584
1795 0.000288220
1796 0.000130821
1809 0.000180851
1827 0.000471084
1830 0.000178718
1482 0.000123294
1483 0.000352284
1480 0.000081549
1484 0.000154044
1485 0.000154044
1557 0.000069593
1522 0.000090003
1523 0.000090003
1525 0.000073565
1526 0.000073565
1527 0.000079617
1529 0.000120292
1530 0.000513373
1533 0.000120292
1891 0.000199185
2070 0.000388570
2095 0.000233737
1944 0.000725584
1945 0.000637905
1951 0.000414940
1538 0.000101975
1539 0.000101975
1888 0.000192384
1541 0.000129474
1542 0.000129474
1548 0.000129474
1549 0.000129474
1550 0.000113155
1552 0.000338049
1553 0.000184991
1554 0.000258127
1555 0.000258127
1566 0.000094622
1567 0.000094622
1568 0.000094622
1701 0.000110032
1575 0.000096628
1619 0.000515847
1621 0.000625244
1622 0.000569825
1627 0.000192519
1629 0.000164056
1694 0.000188152
1695 0.000188152
1615 0.000191424
1667 0.000215348
1668 0.000215348
1669 0.000215348
1674 0.000083244
1693 0.000292253
1832 0.000230882
1833 0.000230882
1834 0.000230882
1835 0.000230882
1836 0.000230882
1618 0.000211135
1620 0.000393642
1623 0.000211135
1624 0.000211135
1625 0.000211135
1626 0.000211135
1628 0.000132052
1691 0.000098449
1655 0.000107663
1713 0.000203346
1714 0.000159232
1715 0.000109958
1664 0.000111200
1725 0.000137926
1726 0.000137926
2115 0.000623378
2118 0.000347489
2134 0.000363251
2138 0.000140918
1657 0.000080240
1659 0.000197785
1660 0.000138289
1675 0.000108631
1722 0.000196804
1723 0.000196804
1724 0.000196804
1703 0.000088587
1704 0.000149442
1710 0.000164946
1711 0.000164946
1716 0.000203361
1717 0.000203361
1727 0.000148918
1731 0.000320458
1732 0.000320458
1733 0.000320458
1734 0.000320458
1735 0.000320458
1741 0.000158426
1742 0.000275524
1743 0.000275524
1744 0.000269375
1745 0.000269375
1746 0.000206877
1748 0.000170211
1749 0.000535967
1760 0.000649089
1764 0.000329065
1766 0.000339351
1767 0.000503250
1756 0.000180271
1757 0.000180271
1758 0.000231389
1759 0.000231389
1761 0.000307037
1762 0.000307037
1763 0.000307037
1771 0.000209698
1772 0.000209698
1773 0.000376977
1774 0.000631080
1776 0.000400745
1775 0.000210970
1778 0.000297263
1779 0.000297263
1780 0.000386712
1777 0.000139389
1782 0.000205646
1811 0.000077862
1797 0.000140317
1799 0.000087224
1820 0.000166612
1821 0.000166612
1822 0.000166612
1816 0.000194846
1817 0.000194846
1810 0.000131092
1813 0.000104867
1823 0.000276636
1824 0.000191900
1825 0.000191900
1826 0.000120967
1828 0.000120967
1829 0.000120967
1853 0.000261725
1968 0.000381614
1855 0.000113754
1859 0.000140048
1861 0.000099830
1863 0.000097307
1894 0.000099833
1884 0.000265162
1885 0.000200000
1886 0.000152571
1875 0.000189603
1876 0.000189603
1897 0.000325094
1901 0.000628265
1902 0.000524214
1909 0.000232930
1911 0.000581147
1912 0.000136745
1933 0.000116573
1906 0.000271146
1936 0.000422352
1939 0.000326140
1941 0.000222249
1942 0.000222249
1895 0.000215216
1896 0.000215216
1918 0.000248560
1992 0.000381104
1907 0.000153042
1919 0.000199255
1966 0.000308035
1967 0.000244770
1994 0.000375964
2008 0.000292432
2009 0.000292432
2010 0.000292432
2011 0.000292432
1957 0.000238706
1915 0.000141299
1921 0.000293421
1922 0.000182312
1916 0.000180223
1917 0.000180223
1920 0.000137366
1925 0.000116344
1930 0.000156353
1934 0.000219183
1935 0.000219183
1938 0.000382833
1937 0.000309171
1940 0.000141829
2191 0.000615885
2192 0.000307693
1943 0.000205305
1946 0.000264414
1947 0.000322043
1948 0.000322043
1949 0.000264414
1950 0.000105626
1952 0.000205305
1958 0.000155680
1960 0.000106212
1961 0.000106212
1962 0.000106212
1964 0.000184717
1965 0.000184717
1969 0.000357113
1971 0.000272487
1973 0.000314086
1974 0.000164116
1976 0.000159882
1977 0.000213829
1978 0.000159882
1979 0.000159882
1980 0.000399466
1981 0.000159882
1982 0.000159882
1983 0.000160158
1984 0.000761589
1986 0.000254214
1987 0.000160158
1988 0.000291812
1989 0.000160158
1990 0.000311649
1991 0.000311649
1993 0.000345291
1995 0.000164912
1996 0.000232777
1997 0.000172166
1999 0.000168270
2000 0.000184717
2001 0.000184717
2003 0.000237866
2004 0.000148643
2042 0.000733426
2044 0.000416474
2045 0.000196771
2046 0.000196771
2047 0.000258472
2048 0.000258472
2049 0.000258472
2050 0.000258223
2007 0.000166992
2030 0.000186583
2062 0.000281862
2063 0.000281862
2064 0.000281862
2060 0.000306622
2014 0.000135041
2029 0.000189871
2032 0.000148286
2023 0.000180728
2037 0.000133091
2025 0.000143452
2026 0.000143452
2027 0.000143452
2028 0.000143452
2019 0.000198239
2020 0.000198239
2021 0.000185654
2033 0.000177161
2034 0.000177161
2067 0.000269812
2040 0.000229839
2041 0.000229839
2043 0.000132157
2055 0.000890702
2059 0.000163975
2051 0.000334283
2052 0.000334283
2053 0.000334283
2054 0.000488146
2056 0.000268203
2057 0.000268203
2058 0.000123057
2061 0.000141107
2066 0.000130766
2068 0.000168900
2069 0.000332540
2071 0.000295332
2072 0.000228568
2073 0.000228568
2082 0.000112691
2083 0.000494732
2084 0.000138335
2085 0.000531119
2086 0.000380414
2087 0.000294416
2088 0.000294416
2090 0.000192688
2110 0.000141427
2114 0.000301199
2119 0.000749004
2125 0.000229584
2126 0.000452725
2127 0.000375444
2128 0.000375444
2116 0.000218062
2117 0.000218062
2120 0.000168852
2129 0.000457749
2130 0.000503140
2131 0.000503140
2132 0.000503140
2133 0.000308675
2121 0.000416364
2124 0.000107810
2135 0.000161148
2139 0.000225727
2140 0.000225727
2149 0.000202290
2150 0.000202290
2151 0.000331660
2152 0.000210287
2142 0.000239984
2143 0.000239984
2145 0.000239984
2146 0.000239984
2147 0.000239984
2148 0.000239984
2153 0.000148200
2169 0.000144705
2170 0.000246887
2171 0.000480852
2172 0.000272021
2173 0.000272021
2177 0.000254644
2178 0.000254644
2179 0.000254644
2180 0.000254644
2176 0.000151022
2181 0.000327626
2182 0.000327626
2183 0.000327626
2184 0.000375199
2185 0.000375199
2186 0.000327626
2187 0.000476790
2195 0.000707032
2202 0.000508937
2203 0.000469295
2205 0.000467009
2206 0.000372259
2207 0.000511669
2208 0.000186859
2188 0.000346067
2189 0.000346067
2190 0.000346067
2196 0.000539898
2197 0.000346067
2194 0.000243232
2198 0.000198988
2209 0.000276543
2210 0.000322040
2211 0.000276543
2199 0.000105220
2201 0.000104209
2204 0.000193734
2212 0.000453673
2213 0.000453673
2214 0.000395075
2215 0.000395075
2216 0.000395075
2217 0.000395075
2218 0.000395075
2219 0.000532557
2220 0.000395075
2221 0.000139924
2222 0.000168611
2223 0.000243929
2226 0.000410539
2227 0.000170550
2228 0.000410539
2229 0.000447155
2230 0.000170550
2231 0.000217218
2246 0.000376948
2247 0.000376948
2248 0.000513478
2249 0.000376948
2250 0.000163344
2251 0.000278423
2252 0.000527753
2256 0.000527753
2253 0.000278423
2254 0.000278423
2255 0.000278423
2257 0.000361533
2258 0.000361533
2259 0.000361533
2260 0.000361533
2261 0.000361533
2262 0.000361533
2263 0.000361533
2264 0.000361533
2265 0.000361533
2266 0.000361533
2267 0.000361533
2268 0.000361533
2269 0.000361533
2270 0.000361533
2271 0.000361533
2272 0.000361533
2273 0.000361533
2274 0.000361533
2278 0.000361533
2279 0.000361533
2281 0.000361533
2282 0.000361533
2283 0.000361533
2284 0.000361533
2285 0.000361533
2286 0.000361533
2287 0.000361533
2288 0.000361533
2289 0.000361533
2290 0.000361533
2291 0.000361533
2292 0.000361533
2293 0.000361533
2294 0.000361533
2295 0.000361533
2296 0.000361533
2297 0.000361533
2298 0.000361533
2299 0.000361533
2300 0.000361533
2301 0.000361533
2302 0.000361533
2303 0.000361533
2304 0.000361533
2305 0.000361533
2306 0.000361533
2307 0.000361533
2308 0.000361533
2309 0.000361533
2310 0.000361533
2311 0.000361533
2312 0.000361533
2313 0.000361533
2314 0.000361533
2315 0.000361533
2316 0.000361533
2317 0.000361533
2318 0.000361533
2319 0.000361533
2320 0.000361533
2321 0.000361533
2322 0.000361533
2323 0.000361533
2324 0.000361533
2325 0.000361533
2326 0.000361533
2327 0.000361533
2328 0.000361533
2329 0.000361533
2330 0.000361533
2331 0.000361533
2332 0.000361533
2333 0.000361533
2334 0.000361533
2335 0.000361533
2336 0.000361533
2337 0.000361533
2338 0.000361533
2339 0.000361533
2340 0.000361533
2341 0.000361533
2343 0.000361533
2344 0.000361533
2345 0.000361533
2346 0.000361533
2347 0.000361533
2349 0.000361533
2350 0.000361533
2351 0.000361533
2353 0.000361533
2354 0.000361533
2355 0.000361533
2356 0.000361533
2357 0.000361533
2358 0.000361533
2359 0.000361533
2360 0.000361533
2361 0.000361533
2362 0.000361533
2364 0.000527753
2365 0.000278423
2366 0.000278423
2367 0.000361533
2368 0.000361533
2369 0.000361533
2370 0.000361533
2371 0.000361533
2372 0.000361533
2373 0.000361533
2374 0.000361533
2375 0.000361533
2376 0.000361533
2378 0.000527753
2379 0.000278423
2380 0.000278423
2381 0.000361533
2382 0.000361533
2383 0.000361533
2384 0.000361533
2385 0.000361533
2386 0.000361533
2387 0.000361533
2388 0.000361533
2389 0.000361533
2391 0.000361533
2392 0.000361533
2393 0.000361533
2396 0.000361533
2397 0.000361533
2398 0.000361533
2400 0.000361533
2401 0.000361533
2402 0.000361533
2403 0.000361533
2405 0.000361533
2406 0.000361533
2407 0.000361533
2408 0.000386177
2409 0.000386177
2410 0.000386177
2411 0.000386177
2412 0.000386177
2413 0.000288694
2414 0.000336343
2415 0.000336343
2416 0.000361533
2417 0.000361533
2418 0.000361533
2419 0.000361533
2420 0.000361533
2421 0.000361533
2422 0.000361533
2423 0.000361533
2424 0.000361533
2425 0.000278423
2426 0.000527753
2427 0.000278423
2429 0.000426917
2430 0.000426917
2431 0.000296149
2432 0.000296149
2433 0.000278423
2434 0.000527753
2435 0.000278423
2436 0.000361533
2437 0.000361533
2438 0.000361533
2439 0.000361533
2440 0.000361533
2441 0.000361533
2442 0.000361533
2443 0.000361533
2444 0.000361533
2445 0.000361533
2446 0.000361533
2447 0.000361533
2448 0.000361533
2449 0.000361533
2450 0.000361533
2451 0.000361533
2452 0.000361533
2455 0.000361533
2456 0.000361533
2457 0.000278423
2458 0.000527753
2459 0.000278423
2460 0.000361533
2461 0.000361533
2462 0.000361533
2463 0.000361533
2464 0.000361533
2465 0.000361533
2466 0.000361533
2467 0.000361533
2468 0.000361533
2470 0.000361533
2471 0.000361533
2472 0.000361533
2473 0.000361533
2474 0.000372589
2475 0.000372589
2476 0.000372589
2477 0.000372589
2478 0.000570589
2479 0.000234893
2480 0.000234893
2481 0.000361533
2482 0.000361533
2483 0.000361533
2484 0.000361533
2485 0.000361533
2486 0.000361533
2487 0.000361533
2488 0.000693974
2489 0.000250719
2490 0.000250719
2491 0.000250719
2493 0.000166593
2494 0.000528766
2496 0.000528766
2497 0.000389240
2498 0.000389240
2495 0.000166593
2499 0.000361533
2500 0.000361533
2503 0.000361533
2504 0.000361533
2505 0.000361533
2507 0.000361533
2508 0.000361533
2509 0.000361533
2511 0.000361533
2512 0.000361533
2513 0.000361533
2514 0.000361533
2515 0.000361533
2516 0.000361533
2517 0.000361533
2518 0.000361533
2519 0.000361533
2520 0.000361533
2521 0.000361533
2522 0.000361533
2523 0.000361533
2524 0.000361533
2525 0.000361533
2526 0.000361533
2527 0.000361533
2528 0.000361533
2529 0.000202556
2530 0.000698007
2531 0.000202556
2532 0.000352272
2533 0.000352272
2534 0.000361533
2535 0.000361533
2536 0.000361533
2537 0.000361533
2538 0.000361533
2539 0.000361533
2540 0.000361533
2542 0.000361533
2543 0.000361533
2545 0.000361533
2546 0.000361533
2547 0.000361533
2548 0.000361533
2549 0.000361533
2550 0.000361533
2552 0.000194120
2553 0.000493730
2554 0.000515274
2555 0.000194120
2556 0.000377829
2557 0.000377829
2558 0.000377829
2559 0.000361533
2560 0.000361533
2562 0.000361533
2563 0.000361533
2564 0.000361533
2565 0.000527753
2566 0.000278423
2567 0.000278423
2568 0.000361533
2569 0.000361533
2570 0.000361533
2571 0.000361533
2572 0.000361533
2573 0.000361533
2574 0.000361533
2575 0.000361533
2576 0.000361533
2577 0.000361533
2578 0.000361533
2579 0.000361533
2580 0.000361533
2581 0.000361533
2582 0.000361533
2583 0.000361533
2584 0.000361533
2585 0.000361533
2586 0.000361533
2587 0.000361533
2588 0.000361533
2589 0.000361533
2590 0.000361533
2591 0.000361533
2592 0.000361533
2593 0.000361533
2594 0.000361533
2595 0.000361533
2596 0.000361533
2597 0.000361533
2598 0.000361533
2599 0.000361533
2600 0.000361533
2601 0.000361533
2602 0.000361533
2603 0.000361533
2604 0.000361533
2605 0.000361533
2606 0.000361533
2607 0.000361533
2608 0.000361533
2609 0.000361533
2610 0.000361533
2611 0.000361533
2612 0.000361533
2613 0.000361533
2614 0.000361533
2615 0.000361533
2616 0.000361533
2617 0.000361533
2618 0.000361533
2619 0.000361533
2620 0.000361533
2621 0.000361533
2622 0.000361533
2623 0.000361533
2624 0.000361533
2625 0.000361533
2626 0.000361533
2627 0.000361533
2628 0.000361533
2629 0.000361533
2630 0.000361533
2631 0.000361533
2632 0.000361533
2633 0.000361533
2634 0.000361533
2635 0.000361533
2636 0.000361533
2637 0.000361533
2638 0.000361533
2639 0.000361533
2640 0.000361533
2641 0.000361533
2642 0.000361533
2643 0.000361533
2644 0.000361533
2645 0.000361533
2646 0.000361533
2647 0.000361533
2648 0.000361533
2649 0.000361533
2650 0.000361533
2651 0.000361533
2652 0.000361533
2653 0.000361533
2655 0.000361533
2656 0.000361533
2657 0.000361533
2658 0.000361533
2659 0.000361533
2660 0.000361533
2661 0.000361533
2662 0.000361533
2663 0.000361533
2664 0.000361533
2665 0.000361533
2666 0.000361533
2667 0.000361533
2668 0.000361533
2669 0.000361533
2670 0.000361533
2671 0.000361533
2672 0.000361533
2673 0.000361533
2674 0.000361533
2675 0.000361533
2676 0.000361533
2677 0.000361533
2678 0.000361533
2679 0.000361533
2680 0.000361533
2681 0.000361533
2682 0.000355644
2683 0.000355644
2684 0.000530348
2685 0.000204495
2686 0.000361533
2687 0.000361533
2688 0.000361533
2689 0.000361533
2690 0.000361533
2691 0.000361533
2692 0.000361533
2693 0.000361533
2694 0.000361533
2695 0.000361533
2696 0.000361533
2697 0.000361533
2698 0.000361533
2699 0.000278423
2700 0.000527753
2701 0.000278423
2704 0.000469359
2705 0.000469359
2707 0.000253707
2706 0.000253707
2708 0.000361533
2709 0.000361533
2710 0.000361533
2711 0.000361533
2712 0.000361533
2713 0.000361533
2714 0.000361533
2715 0.000361533
2716 0.000361533
2717 0.000361533
2718 0.000361533
2719 0.000361533
2720 0.000361533
2721 0.000361533
2722 0.000361533
2723 0.000361533
2724 0.000361533
2725 0.000361533
2726 0.000361533
2727 0.000361533
2728 0.000361533
2729 0.000361533
2730 0.000361533
2731 0.000361533
2732 0.000361533
2733 0.000361533
2734 0.000361533
2735 0.000447194
2736 0.000310216
2737 0.000912571
2738 0.000310216
2739 0.000183511
2740 0.000183511
2741 0.000183511
2742 0.000361533
2743 0.000361533
2745 0.000361533
2746 0.000361533
2747 0.000361533
2748 0.000581035
2749 0.000581035
2750 0.000251782
2751 0.000251782
2752 0.000251782
2753 0.000251782
2755 0.000361533
2756 0.000361533
2757 0.000361533
2758 0.000536841
2759 0.000277850
2760 0.000515486
2761 0.000168309
2762 0.000395019
2763 0.000275693
2764 0.000361533
2765 0.000361533
2766 0.000361533
2767 0.000361533
2768 0.000361533
2769 0.000361533
2770 0.000361533
2771 0.000361533
2772 0.000361533
2773 0.000370585
2774 0.000370585
2775 0.000370585
2776 0.000370585
2777 0.000370585
2778 0.000370585
2779 0.000370585
2780 0.000329852
2781 0.000329852
2782 0.000361533
2783 0.000361533
2784 0.000527753
2785 0.000278423
2786 0.000278423
2787 0.000361533
2788 0.000361533
2789 0.000361533
2790 0.000361533
2791 0.000361533
2792 0.000361533
2793 0.000361533
2794 0.000361533
2796 0.000361533
2797 0.000361533
2798 0.000361533
