584832 4.676513900

0 222.182525016
1 13681.885964411
2 8.081618297
3 11180.284826862
4 44894.254735415
5 10181.125350830
6 8319.974836218
7 6629.894553977
8 5183.823108983
9 114.963564941
10 0.000000000
11 0.000000000
12 5299.756222120
13 2772.487325826
14 2772.487325826
15 0.000000000
16 0.000000000
17 9.775729593
18 9.775729593
19 9.775729593
20 9.775729593
21 8140.487392851
22 0.000000000
23 0.000000000
24 196.605534791
25 5839.727088616
26 4056.059620523
27 4056.059620523
28 2911.317192166
29 88.233286696
30 526.228045772
31 31004.235619137
32 26156.757904877
33 0.000000000
34 0.000000000
35 0.000000000
36 0.000000000
37 3784.911919030
38 7632.514666189
39 318.355039508
40 318.355039508
41 3912.287452636
42 0.000000000
43 0.000000000
44 0.000000000
45 105.121213038
46 105.121213038
47 105.121213038
48 105.121213038
49 105.121213038
50 105.121213038
51 25757.353933269
52 19422.098895264
53 32.819006717
54 2771.698193925
55 2737.816132658
56 10376.961027075
57 0.000000000
58 3169.874219320
59 4207.332973692
60 54176.739259163
61 2685.088625938
62 135.843943793
63 133.216883356
64 133.216883356
65 133.216883356
66 133.216883356
67 133.216883356
68 133.216883356
69 133.216883356
70 133.216883356
71 133.216883356
72 133.216883356
73 133.216883356
74 133.216883356
75 133.216883356
76 133.216883356
77 133.216883356
78 133.216883356
79 133.216883356
80 133.216883356
81 133.216883356
82 133.216883356
83 133.216883356
84 133.216883356
85 133.216883356
86 9764.158467944
87 3666.300845507
88 3666.300845507
89 6257.215990136
90 32552.284685132
91 0.000000000
92 0.000000000
93 0.000000000
94 0.000000000
95 0.000000000
96 0.000000000
97 0.000000000
98 0.000000000
99 713.271286833
100 18824.638692240
101 8954.414601532
102 1112.626907034
103 7971.802439744
104 3018.249711941
105 3018.249711941
106 2236.657657566
107 12497.770665400
108 7911.818317243
109 8587.737200811
110 22389.512512047
111 256.329940893
112 29837.970357507
113 593.862037196
114 1831.975312786
115 2775.626406603
116 4486.000000000
117 19848.685195293
118 5034.435460843
119 9426.856611011
120 6290.203555828
121 206.627843199
122 12638.257474848
123 1177.590816367
124 0.000000000
125 0.000000000
126 0.000000000
127 0.000000000
128 0.000000000
129 0.000000000
130 0.000000000
131 0.000000000
132 0.000000000
133 0.000000000
134 0.000000000
135 0.000000000
136 0.000000000
137 0.000000000
138 0.000000000
139 0.000000000
140 0.000000000
141 0.000000000
142 0.000000000
143 0.000000000
144 0.000000000
145 0.000000000
146 0.000000000
147 0.000000000
148 0.000000000
149 0.000000000
150 0.000000000
151 0.000000000
152 0.000000000
153 0.000000000
154 0.000000000
155 0.000000000
156 0.000000000
157 0.000000000
158 0.000000000
159 0.000000000
160 0.000000000
161 0.000000000
162 0.000000000
163 0.000000000
164 0.000000000
165 5452.108968420
166 5452.108968420
167 5452.108968420
168 919.655393701
169 919.655393701
170 919.655393701
171 4381.784790000
172 3316.463710800
173 0.000000000
174 0.000000000
175 548.486196055
176 548.486196055
177 548.486196055
178 1920.156992501
179 1390.169487377
180 3321.349198144
181 6770.840228057
182 4526.840228057
183 9940.163947623
184 985.542995103
185 29427.895510483
186 5176.966537269
187 7763.136339027
188 7763.136339027
189 15143.655033465
190 25337.582755682
191 2744.248279274
192 7544.728420546
193 1209.477564357
194 4561.686066464
195 0.000000000
196 397.387432152
197 41283.304777367
198 4805.503080356
199 123778.050729282
200 0.000000000
201 0.000000000
202 0.000000000
203 0.000000000
204 0.000000000
205 0.000000000
206 1030.627517177
207 343.354858897
208 0.000000000
209 0.000000000
210 2244.000000000
211 0.000000000
212 0.000000000
213 0.000000000
214 0.000000000
215 8201.243926323
216 62304.001306665
217 1162.175488625
218 1162.175488625
219 2953.657971351
220 529.396557653
221 0.000000000
222 14542.748910008
223 0.000000000
224 0.000000000
225 0.000000000
226 0.000000000
227 0.000000000
228 0.000000000
229 2244.000000000
230 3058.182436244
231 168664.039455338
232 6396.280433070
233 10709.878553325
234 44700.453397252
235 0.000000000
236 58680.393873757
237 0.000000000
238 0.000000000
239 46718.321762768
240 738.687389762
241 0.000000000
242 0.000000000
243 0.000000000
244 0.000000000
245 2583.840209823
246 0.000000000
247 26337.281874937
248 1290.341571391
249 26099.591596889
250 22350.000000000
251 0.000000000
252 0.000000000
253 0.000000000
254 0.000000000
255 0.000000000
256 0.000000000
257 0.000000000
258 0.000000000
259 0.000000000
260 0.000000000
261 0.000000000
262 0.000000000
263 2.258891721
264 783.066106012
265 5349.906559978
266 34809.603254184
267 0.000000000
268 0.000000000
269 0.000000000
270 246.030920638
271 636.087788958
272 8227.068627084
273 3741.068627084
274 0.000000000
275 8964.000000000
276 5960.000000000
277 5960.000000000
278 5960.000000000
279 0.000000000
280 0.000000000
281 0.000000000
282 0.000000000
283 0.000000000
284 0.000000000
285 0.000000000
286 0.000000000
287 0.000000000
288 0.000000000
289 0.000000000
290 0.000000000
291 0.000000000
292 0.000000000
293 0.000000000
294 0.000000000
295 0.000000000
296 5551.020200965
297 0.000000000
298 1284.599893381
299 768.211614199
300 3.000000000
301 1476.788385801
302 2362.790088285
303 2362.790088285
304 2362.790088285
305 122.790088285
306 122.790088285
307 122.790088285
308 122.790088285
309 122.790088285
310 122.790088285
311 122.790088285
312 25.919342925
313 25.919342925
314 25.919342925
315 0.000000000
316 0.000000000
317 0.000000000
318 0.000000000
319 0.000000000
320 0.000000000
321 0.000000000
322 0.000000000
323 0.000000000
324 0.000000000
325 0.000000000
326 0.000000000
327 0.000000000
328 38986.414780473
329 0.000000000
330 0.000000000
331 0.000000000
332 0.000000000
333 0.000000000
334 0.000000000
335 0.000000000
336 0.000000000
337 0.000000000
338 0.000000000
339 0.000000000
340 4486.000000000
341 0.000000000
342 0.000000000
343 0.000000000
344 0.000000000
345 0.000000000
346 0.000000000
347 0.000000000
348 0.000000000
349 0.000000000
350 0.000000000
351 0.000000000
352 0.000000000
353 0.000000000
354 0.000000000
355 4487.000000000
356 50548.262075620
357 0.000000000
358 0.000000000
359 32574.224136933
360 7857.088437740
361 0.000000000
362 0.000000000
363 6113.219685185
364 0.000000000
365 0.000000000
366 2014.353403318
367 1181.307302245
368 2211.709091582
369 81216.536362174
370 45821.112780850
371 0.000000000
372 79149.292613559
373 31799.470961049
374 0.000000000
375 1126.285247645
376 12655.448478681
377 5663.767459753
378 16934.491214080
379 336.996225653
380 336.996225653
381 1745.072954442
382 0.000000000
383 0.000000000
384 0.000000000
385 0.000000000
386 1703.221771791
387 17683.994424615
388 5709.593170376
389 30119.109136228
390 2422.834270658
391 18308.319549388
392 26796.000000000
393 0.000000000
394 39.730170254
395 47328.904761631
396 0.000000000
397 0.000000000
398 0.000000000
399 4624.951494079
400 12791.531084058
401 2865.374464334
402 32048.177610133
403 55822.371397838
404 0.000000000
405 0.000000000
406 0.000000000
407 0.000000000
408 0.000000000
409 0.000000000
410 0.000000000
411 0.000000000
412 0.000000000
413 0.000000000
414 0.000000000
415 0.000000000
416 0.000000000
417 661.119250679
418 4216.541666328
419 10056.443857940
420 428.356801548
421 428.356801548
422 428.356801548
423 428.356801548
424 428.356801548
425 428.356801548
426 428.356801548
427 428.356801548
428 428.356801548
429 428.356801548
430 428.356801548
431 428.356801548
432 428.356801548
433 2110.167264370
434 2110.167264370
435 2110.167264370
436 1861.280035961
437 1861.280035961
438 1861.280035961
439 1861.280035961
440 1861.280035961
441 9843.943566024
442 9843.943566024
443 22874.728290417
444 289.029537141
445 289.029537141
446 289.029537141
447 289.029537141
448 289.029537141
449 289.029537141
450 289.029537141
451 289.029537141
452 289.029537141
453 289.029537141
454 289.029537141
455 289.029537141
456 289.029537141
457 2180.423283660
458 2180.423283660
459 2180.423283660
460 2180.423283660
461 2180.423283660
462 2180.423283660
463 2180.423283660
464 2180.423283660
465 5328.663570014
466 19641.673227624
467 424.074068805
468 424.074068805
469 424.074068805
470 424.074068805
471 424.074068805
472 424.074068805
473 424.074068805
474 424.074068805
475 424.074068805
476 11187.052148914
477 22.933463600
478 0.000000000
479 0.000000000
480 0.000000000
481 0.000000000
482 2089.515737148
483 1020.691212143
484 1020.691212143
485 1020.691212143
486 1020.691212143
487 1020.691212143
488 1020.691212143
489 0.000000000
490 0.000000000
491 0.000000000
492 0.000000000
493 0.000000000
494 0.000000000
495 0.000000000
496 0.000000000
497 0.000000000
498 0.000000000
499 0.000000000
500 0.000000000
501 0.000000000
502 0.000000000
503 0.000000000
504 0.000000000
505 0.000000000
506 891.332748740
507 19828.329356808
508 9557.709149744
509 543.203207592
510 47.978925153
511 0.000000000
512 0.000000000
513 0.000000000
514 0.000000000
515 0.000000000
516 0.000000000
517 0.000000000
518 0.000000000
519 0.000000000
520 0.000000000
521 0.000000000
522 0.000000000
523 0.000000000
524 0.000000000
525 0.000000000
526 0.000000000
527 0.000000000
528 0.000000000
529 0.000000000
530 0.000000000
531 0.000000000
532 0.000000000
533 6474.986236359
534 2244.000000000
535 137557.598454362
536 0.000000000
537 106.114727313
538 1569.873160006
539 0.000000000
540 0.000000000
541 452.492405002
542 67.018704995
543 0.000000000
544 0.000000000
545 0.000000000
546 0.000000000
547 0.000000000
548 545.837118397
549 1676.736751176
550 0.000000000
551 624.777575934
552 0.000000000
553 0.000000000
554 0.000000000
555 590.498012144
556 12634.084530628
557 21610.033450960
558 10163.336718527
559 5474.478941772
560 114.752932084
561 0.000000000
562 426.138970640
563 4864.205799856
564 1798.238219750
565 37137.913723087
566 19147.339293456
567 2244.000000000
568 0.000000000
569 0.000000000
570 0.000000000
571 0.000000000
572 0.000000000
573 0.000000000
574 0.000000000
575 0.000000000
576 0.000000000
577 0.000000000
578 22084.329058765
579 0.000000000
580 207.146330925
581 596.897415768
582 298.412993598
583 2857.921817816
584 18570.778291069
585 6.410032103
586 0.000000000
587 195.966078017
588 195.966078017
589 1423.778469957
590 0.000000000
591 2327.346777733
592 116066.906383868
593 0.000000000
594 1395.614790281
595 385.817342597
596 385.817342597
597 136.586104911
598 0.000000000
599 190.798384468
600 2253.105299783
601 34414.736095244
602 0.000000000
603 1604.398186553
604 4043.189570076
605 2644.935901549
606 3590.712619521
607 94.914085138
608 94.914085138
609 189.828170277
610 5878.889851012
611 0.000000000
612 0.000000000
613 0.000000000
614 3.047470684
615 5498.835574135
616 10371.593327430
617 1.758980701
618 7539.391587709
619 14154.796741022
620 0.000000000
621 20120.504642550
622 92345.955779463
623 0.000000000
624 2111.117092483
625 18642.499799269
626 6308.210581448
627 4594.682226696
628 0.000000000
629 0.000000000
630 0.000000000
631 3991.370086264
632 35728.539532229
633 0.000000000
634 0.000000000
635 0.000000000
636 0.000000000
637 0.000000000
638 0.000000000
639 35.205395003
640 19323.613570709
641 0.000000000
642 0.000000000
643 0.000000000
644 0.000000000
645 3763.525805702
646 17.557254572
647 3130.163929018
648 0.000000000
649 0.000000000
650 8464.106121571
651 1239.044176875
652 0.000000000
653 1571.317862666
654 1571.317862666
655 1571.317862666
656 0.000000000
657 512.801027945
658 1082.868637714
659 1348.887026713
660 7199.342285330
661 36647.443798772
662 18746.317022004
663 1642.279168937
664 619.867789785
665 554.400288744
666 56.089593167
667 0.000000000
668 0.000000000
669 0.000000000
670 0.000000000
671 2028.344771517
672 12825.277339852
673 952.101448832
674 158.298563723
675 50531.893985381
676 348.632740349
677 0.000000000
678 9496.377669092
679 10294.988729171
680 3052.013911022
681 7424.147144491
682 0.000000000
683 1804.024098907
684 0.000000000
685 0.000000000
686 0.000000000
687 0.000000000
688 0.000000000
689 0.000000000
690 920.277331316
691 2244.000000000
692 0.000000000
693 1443.836071268
694 5516.453633446
695 192.866046543
696 5817.990813728
697 0.000000000
698 0.000000000
699 4333.172654457
700 60054.716209834
701 129945.519235463
702 0.000000000
703 0.000000000
704 773.828035678
705 0.000000000
706 0.000000000
707 0.000000000
708 389.872604850
709 0.000000000
710 0.000000000
711 1893.686305550
712 2242.500000000
713 2242.500000000
714 0.000000000
715 0.000000000
716 0.000000000
717 92.493078158
718 0.000000000
719 0.000000000
720 0.000000000
721 22685.958165731
722 77308.409018736
723 520.160438326
724 11.990665704
725 2379.981378459
726 1003.117997385
727 277.766350320
728 277.766350320
729 277.766350320
730 277.766350320
731 277.766350320
732 277.766350320
733 72.583392690
734 72.583392690
735 0.000000000
736 96.325345735
737 5319.970320512
738 165.096295864
739 315.092362375
740 538.278878279
741 0.000000000
742 0.000000000
743 0.000000000
744 0.000000000
745 2738.434956536
746 0.000000000
747 0.000000000
748 0.000000000
749 0.000000000
750 6047.794290014
751 10135.398745166
752 13157.436665969
753 0.000000000
754 0.000000000
755 0.000000000
756 31843.222956722
757 29619.428701062
758 2244.326479920
759 0.000000000
760 9.335048996
761 227.461378594
762 0.000000000
763 0.250000000
764 0.000000000
765 0.000000000
766 0.000000000
767 0.000000000
768 0.000000000
769 0.000000000
770 0.000000000
771 2114.324463052
772 3219.264806380
773 18155.723771405
774 0.000000000
775 0.000000000
776 4.983948007
777 4417.949777931
778 4793.106870393
779 4.983948007
780 4.983948007
781 0.000000000
782 0.000000000
783 0.000000000
784 307.106870393
785 0.000000000
786 2244.500000000
787 0.000000000
788 8964.500000000
789 0.000000000
790 9033.179352256
791 80784.384427396
792 0.000000000
793 388.734327390
794 3533.481460835
795 0.000000000
796 5978.811235899
797 21703.666242378
798 10851.162781380
799 149575.566347961
800 0.000000000
801 5847.934746605
802 0.500000000
803 0.000000000
804 0.000000000
805 153.887970651
806 0.000000000
807 0.000000000
808 501.569651067
809 0.000000000
810 0.000000000
811 92752.741256962
812 0.000000000
813 7064.373364893
814 305.377248123
815 5.333333333
816 31234.000000000
817 0.000000000
818 0.000000000
819 2244.000000000
820 0.000000000
821 1487.067203655
822 25988.706853066
823 11187.762615614
824 0.000000000
825 0.000000000
826 14443.442294224
827 0.000000000
828 17009.161039752
829 15672.000000000
830 21806.790721146
831 177257.199240711
832 0.000000000
833 0.000000000
834 744.139105867
835 2513.846846245
836 15659.876295058
837 20124.000000000
838 0.000000000
839 33360.136404668
840 7614.777253254
841 0.000000000
842 8964.000000000
843 0.000000000
844 4807.640501589
845 3594.403727419
846 21015.290269281
847 4804.988095217
848 1493.913040552
849 0.000000000
850 0.000000000
851 4249.936595446
852 54179.214096599
853 7944.595463040
854 52079.332699288
855 51355.737470414
856 0.000000000
857 8965.000000000
858 12747.090727001
859 0.000000000
860 11845.089062357
861 96.226371781
862 1230.933161123
863 860.324814907
864 8969.000000000
865 8078.448394765
866 4032.595315658
867 1744.731402251
868 9564.800420632
869 142.018963913
870 341.262120223
871 1.000000000
872 0.000000000
873 0.000000000
874 0.000000000
875 0.000000000
876 0.000000000
877 0.000000000
878 2824.870299619
879 37669.919244492
880 2244.000000000
881 37.376106661
882 0.000000000
883 2281.764911492
884 0.000000000
885 0.000000000
886 5374.400899986
887 0.000000000
888 14353.179261759
889 24846.547427471
890 23165.574110228
891 119.338347056
892 3485.424910723
893 812.057826931
894 5660.108407591
895 17.445026090
896 1846.696099613
897 12260.302396186
898 0.000000000
899 0.000000000
900 6728.000000000
901 0.000000000
902 0.000000000
903 6.791319650
904 19204.951588091
905 25390.903097974
906 19324.515967750
907 8458.061627009
908 12319.472359309
909 0.000000000
910 0.000000000
911 0.000000000
912 0.000000000
913 5043.506102164
914 4486.000000000
915 38406.915369606
916 125.371299662
917 125.371299662
918 0.000000000
919 21594.025644367
920 1402.435782175
921 0.000000000
922 62593.658941752
923 20113.689330817
924 39293.901564504
925 21641.219095428
926 34010.038482953
927 27675.569623355
928 963.962842035
929 963.962842035
930 17539.561784894
931 0.000000000
932 0.000000000
933 0.123015873
934 0.123015873
935 0.123015873
936 0.123015873
937 0.123015873
938 0.123015873
939 0.123015873
940 0.123015873
941 0.123015873
942 0.123015873
943 0.123015873
944 0.123015873
945 0.123015873
946 1108.260228595
947 0.061507937
948 1010.031508257
949 1137.206563824
950 1194.648136113
951 0.075396825
952 0.075396825
953 0.000000000
954 0.075396825
955 0.075396825
956 0.123015873
957 0.123015873
958 0.123015873
959 0.000000000
960 0.000000000
961 0.000000000
962 0.061507937
963 0.061507937
964 0.061507937
965 0.061507937
966 0.061507937
967 0.061507937
968 0.061507937
969 0.061507937
970 0.061507937
971 0.061507937
972 4082.341242489
973 5384.463151811
974 647.173123083
975 3002.800990771
976 0.000000000
977 0.000000000
978 0.000000000
979 1.000000000
980 11204.931944270
981 0.000000000
982 1192.632661381
983 13967.570441549
984 0.000000000
985 919.535507548
986 5633.811819847
987 0.000000000
988 2244.000000000
989 0.000000000
990 8761.925420203
991 636.470426914
992 0.000000000
993 0.000000000
994 586.905531169
995 7625.977934511
996 8605.308024195
997 0.000000000
998 63110.234649698
999 47404.389883751
1000 0.000000000
1001 0.000000000
1002 2469.463107733
1003 60.140341488
1004 4824.503598912
1005 0.000000000
1006 0.000000000
1007 2527.453744349
1008 4812.293771652
1009 36272.499470460
1010 0.000000000
1011 0.000000000
1012 0.000000000
1013 2288.746698849
1014 3692.706979817
1015 0.000000000
1016 2282.826764480
1017 20833.831511855
1018 28134.368035413
1019 0.000000000
1020 0.000000000
1021 6728.000000000
1022 0.000000000
1023 2244.000000000
1024 0.000000000
1025 6726.000000000
1026 0.000000000
1027 8964.000000000
1028 1121.500000000
1029 1121.500000000
1030 22377.000000000
1031 0.000000000
1032 0.000000000
1033 0.000000000
1034 2244.000000000
1035 0.000000000
1036 4585.153365643
1037 1020.436910834
1038 0.000000000
1039 0.000000000
1040 0.000000000
1041 277.546431322
1042 277.546431322
1043 277.546431322
1044 277.546431322
1045 277.546431322
1046 0.000000000
1047 0.000000000
1048 10921.674856503
1049 10600.668978612
1050 397.962973483
1051 479.442998707
1052 0.000000000
1053 14689.502448483
1054 1800.638027691
1055 95.671931492
1056 0.000000000
1057 9.355858339
1058 0.000000000
1059 0.000000000
1060 0.000000000
1061 0.000000000
1062 1547.132438755
1063 1437.712509654
1064 21.392170394
1065 0.000000000
1066 488.875159615
1067 0.111111111
1068 0.111111111
1069 0.000000000
1070 0.000000000
1071 24699.773932986
1072 1786.494643899
1073 4030.494643899
1074 0.000000000
1075 0.000000000
1076 0.000000000
1077 0.000000000
1078 0.000000000
1079 0.000000000
1080 0.000000000
1081 0.000000000
1082 1844.128719654
1083 2731.537105737
1084 1474.118319710
1085 3395.607706960
1086 3649.872994206
1087 12631.910485301
1088 1003.612858014
1089 1012.197315136
1090 21312.103528070
1091 0.000000000
1092 0.000000000
1093 0.000000000
1094 2135.503375111
1095 3011.827434061
1096 10.801955387
1097 146.279922409
1098 135.427426874
1099 107.141511912
1100 0.000000000
1101 5.557451403
1102 0.000000000
1103 551.144552231
1104 550.555760352
1105 550.555760352
1106 3967.638119543
1107 124.818221628
1108 0.000000000
1109 0.574750210
1110 0.000000000
1111 0.000000000
1112 0.000000000
1113 0.000000000
1114 0.000000000
1115 0.000000000
1116 28.840820574
1117 5329.729940844
1118 0.000000000
1119 5744.805760775
1120 12205.527170839
1121 319.193430089
1122 47996.985541904
1123 697.825120700
1124 643.527920656
1125 188.923622938
1126 276.648254577
1127 0.000000000
1128 63.888783247
1129 41.814851262
1130 41.814851262
1131 41.814851262
1132 41.814851262
1133 41.814851262
1134 41.814851262
1135 10800.458960870
1136 10800.458960870
1137 4950.103567146
1138 0.000000000
1139 0.000000000
1140 0.000000000
1141 0.000000000
1142 8964.000000000
1143 2244.000000000
1144 0.000000000
1145 0.000000000
1146 0.000000000
1147 0.000000000
1148 0.000000000
1149 433.430295992
1150 433.430295992
1151 433.430295992
1152 433.430295992
1153 433.430295992
1154 433.430295992
1155 433.430295992
1156 433.430295992
1157 433.430295992
1158 0.000000000
1159 0.000000000
1160 0.000000000
1161 0.000000000
1162 0.000000000
1163 0.000000000
1164 0.000000000
1165 0.000000000
1166 823.601009702
1167 2882.878464833
1168 419.025753384
1169 46675.721545229
1170 2694.771748975
1171 0.000000000
1172 3337.678623291
1173 0.000000000
1174 813.667950628
1175 341.635675788
1176 0.000000000
1177 4753.482645072
1178 1203.505921875
1179 7.816960459
1180 4.316325866
1181 0.000000000
1182 0.000000000
1183 0.000000000
1184 0.000000000
1185 15213.096165984
1186 49340.244781431
1187 10145.141292345
1188 1133.955036691
1189 4152.122028893
1190 0.000000000
1191 0.000000000
1192 0.000000000
1193 0.000000000
1194 0.000000000
1195 21207.388685117
1196 7752.121686074
1197 0.000000000
1198 2481.684338141
1199 1003.033378081
1200 0.000000000
1201 0.000000000
1202 2002.315661859
1203 0.000000000
1204 0.000000000
1205 2088.000000000
1206 2088.000000000
1207 2088.000000000
1208 2088.000000000
1209 1682.000000000
1210 1682.000000000
1211 1682.000000000
1212 0.000000000
1213 0.000000000
1214 0.000000000
1215 0.000000000
1216 0.000000000
1217 0.000000000
1218 0.000000000
1219 0.000000000
1220 0.000000000
1221 0.000000000
1222 0.000000000
1223 0.000000000
1224 0.000000000
1225 11741.811772063
1226 0.000000000
1227 0.000000000
1228 0.000000000
1229 0.000000000
1230 0.000000000
1231 0.000000000
1232 0.000000000
1233 0.000000000
1234 9169.304299771
1235 1121.500000000
1236 1121.500000000
1237 0.000000000
1238 624.678084053
1239 0.000000000
1240 0.000000000
1241 0.000000000
1242 1298.077004441
1243 333.441897263
1244 13295.327084583
1245 18108.675283913
1246 0.000000000
1247 0.000000000
1248 0.000000000
1249 107.300971722
1250 0.500000000
1251 0.000000000
1252 9025.766046440
1253 0.000000000
1254 371.253505566
1255 0.000000000
1256 0.000000000
1257 7361.338626567
1258 2150.963421774
1259 41593.364510681
1260 9108.174151313
1261 886.407338367
1262 2873.548029122
1263 2536.442653786
1264 5663.616027886
1265 20516.568917102
1266 0.339433320
1267 1728.532276347
1268 5854.847820767
1269 271.447325200
1270 20.942868348
1271 0.000000000
1272 0.000000000
1273 0.000000000
1274 0.000000000
1275 58875.255445915
1276 636.907240329
1277 17896.000000000
1278 2219.516589177
1279 73.789567720
1280 464.345960945
1281 50.586418196
1282 3430.475424821
1283 2244.000000000
1284 1818.596102633
1285 0.149126981
1286 0.000000000
1287 0.000000000
1288 10.529504858
1289 0.000000000
1290 1199.281328094
1291 3.029699631
1292 66.875984975
1293 8525.743538429
1294 0.000000000
1295 5.884208303
1296 2469.096338706
1297 12464.585919482
1298 0.119574529
1299 172.274583915
1300 174.703923912
1301 14.322492282
1302 0.000000000
1303 0.000000000
1304 48.410502450
1305 48.410502450
1306 0.000000000
1307 0.000000000
1308 0.000000000
1309 152.025472694
1310 0.000000000
1311 15666.000000000
1312 0.000000000
1313 0.000000000
1314 3621.429755030
1315 0.000000000
1316 0.000000000
1317 5134.449156346
1318 0.000000000
1319 0.000000000
1320 0.000000000
1321 142.002410063
1322 1102.125377456
1323 0.000000000
1324 0.000000000
1325 9479.606387695
1326 4667.883063581
1327 2082.339643933
1328 290.850880735
1329 0.000000000
1330 13162.577267516
1331 2317.466507004
1332 0.000000000
1333 3074.490448941
1334 861.833412251
1335 0.000000000
1336 16651.524329325
1337 15314.629762561
1338 17.014556850
1339 0.000000000
1340 8.507278425
1341 8.507278425
1342 8.507278425
1343 147.358259784
1344 147.358259784
1345 141.895197827
1346 130.122497376
1347 0.000000000
1348 0.000000000
1349 1.807275907
1350 1.807275907
1351 1.807275907
1352 0.000000000
1353 0.000000000
1354 2257.903062889
1355 0.000000000
1356 475.740652986
1357 475.740652986
1358 0.000000000
1359 0.083333333
1360 0.000000000
1361 0.000000000
1362 0.000000000
1363 0.000000000
1364 1158.932223708
1365 0.000000000
1366 0.000000000
1367 0.000000000
1368 0.000000000
1369 47.925304346
1370 75.082257556
1371 4514.860970799
1372 25698.740142238
1373 40025.552487289
1374 2244.000000000
1375 0.000000000
1376 0.000000000
1377 72.277022825
1378 2.562972477
1379 2.682534842
1380 628.139455929
1381 10119.499043456
1382 0.000000000
1383 0.000000000
1384 0.000000000
1385 103.941922683
1386 0.000000000
1387 0.000000000
1388 24575.333333333
1389 0.000000000
1390 0.000000000
1391 0.000000000
1392 0.000000000
1393 0.000000000
1394 0.000000000
1395 0.000000000
1396 0.000000000
1397 0.000000000
1398 0.000000000
1399 0.000000000
1400 1.333333333
1401 0.333333333
1402 0.666666667
1403 0.666666667
1404 0.666666667
1405 0.000000000
1406 0.000000000
1407 0.000000000
1408 0.000000000
1409 0.000000000
1410 2244.000000000
1411 0.000000000
1412 0.000000000
1413 0.000000000
1414 0.000000000
1415 0.000000000
1416 0.000000000
1417 2059.407869094
1418 2033.989726833
1419 1912.102957304
1420 0.000000000
1421 428.599838198
1422 0.000000000
1423 0.000000000
1424 37656.352276348
1425 4486.000000000
1426 0.000000000
1427 0.000000000
1428 0.000000000
1429 0.000000000
1430 0.000000000
1431 14829.372116652
1432 7544.930756115
1433 7544.930756115
1434 0.000000000
1435 0.000000000
1436 0.000000000
1437 0.000000000
1438 8222.027446402
1439 4384.781281520
1440 9575.250138217
1441 620.737453959
1442 0.000000000
1443 0.000000000
1444 0.000000000
1445 3008.905221848
1446 244.008199500
1447 456.528215314
1448 0.000000000
1449 1238.211528232
1450 2165.333333333
1451 2165.333333333
1452 2389.333333333
1453 3285.831697079
1454 0.000000000
1455 0.000000000
1456 0.000000000
1457 0.000000000
1458 0.000000000
1459 6508.637712473
1460 350.615617608
1461 36704.587748737
1462 42551.155216867
1463 0.000000000
1464 0.000000000
1465 0.000000000
1466 27867.226847495
1467 5636.397220230
1468 0.000000000
1469 78.785937154
1470 1236.450013362
1471 0.000000000
1472 0.000000000
1473 0.000000000
1474 1052.752289049
1475 0.000000000
1476 7261.809137585
1477 190.189905044
1478 2281.464816889
1479 2311.797830295
1480 0.000000000
1481 246.203096558
1482 0.000000000
1483 4487.000000000
1484 0.000000000
1485 0.000000000
1486 0.000000000
1487 0.000000000
1488 8945.688329331
1489 1620.207633533
1490 1111.759189653
1491 2100.508449145
1492 1795.158306793
1493 1903.574886605
1494 2535.712502032
1495 56.494284108
1496 950.165133023
1497 0.765058144
1498 0.935111620
1499 33.011474972
1500 0.905489772
1501 1064.655744395
1502 83.866639501
1503 0.000000000
1504 2244.000000000
1505 77.892339732
1506 77.012875262
1507 77.012875262
1508 0.000000000
1509 0.000000000
1510 0.000000000
1511 0.000000000
1512 0.000000000
1513 0.000000000
1514 0.000000000
1515 0.000000000
1516 0.000000000
1517 0.000000000
1518 0.000000000
1519 0.000000000
1520 3831.047614944
1521 18840.384412239
1522 0.000000000
1523 0.000000000
1524 2246.375202148
1525 0.000000000
1526 0.000000000
1527 0.000000000
1528 5320.228082883
1529 0.000000000
1530 7640.101192898
1531 4677.528556702
1532 0.000000000
1533 0.000000000
1534 0.000000000
1535 35.923243052
1536 0.000000000
1537 8886.851186222
1538 0.000000000
1539 0.000000000
1540 15210.028769443
1541 0.000000000
1542 0.000000000
1543 0.000000000
1544 20.638380667
1545 0.000000000
1546 0.000000000
1547 0.000000000
1548 0.000000000
1549 0.000000000
1550 0.000000000
1551 11205.200000000
1552 0.800000000
1553 0.000000000
1554 0.000000000
1555 0.000000000
1556 274.829945632
1557 0.000000000
1558 0.000000000
1559 0.000000000
1560 0.000000000
1561 1726.440428931
1562 10820.408884470
1563 48775.348926609
1564 12.424706158
1565 0.000000000
1566 0.000000000
1567 0.000000000
1568 0.000000000
1569 0.000000000
1570 0.500000000
1571 0.000000000
1572 2561.190811353
1573 23626.893196360
1574 6.007287435
1575 0.000000000
1576 0.000000000
1577 158.565040113
1578 70.855166233
1579 0.000000000
1580 0.000000000
1581 0.000000000
1582 1646.479534687
1583 0.000000000
1584 2699.502978846
1585 2699.502978846
1586 598.661294333
1587 0.000000000
1588 0.333333333
1589 0.000000000
1590 0.000000000
1591 0.000000000
1592 0.000000000
1593 0.000000000
1594 0.000000000
1595 3653.275988611
1596 0.333333333
1597 0.000000000
1598 0.000000000
1599 0.000000000
1600 0.000000000
1601 16978.951097315
1602 0.000000000
1603 0.000000000
1604 0.312321593
1605 3.195717272
1606 0.000000000
1607 0.000000000
1608 0.000000000
1609 702.591378674
1610 1106.767617496
1611 1106.767617496
1612 1106.767617496
1613 1106.767617496
1614 44.333822969
1615 0.000000000
1616 0.000000000
1617 0.000000000
1618 0.000000000
1619 3275.534659619
1620 2.500000000
1621 7839.886271459
1622 6307.883207067
1623 0.000000000
1624 0.000000000
1625 0.000000000
1626 0.000000000
1627 0.000000000
1628 0.000000000
1629 0.000000000
1630 35597.710960355
1631 0.000000000
1632 0.000000000
1633 14962.240273990
1634 0.000000000
1635 566.200943534
1636 128.623333024
1637 0.000000000
1638 0.000000000
1639 910.990955202
1640 4338.568823222
1641 0.000000000
1642 15942.169809583
1643 86.991802004
1644 0.000000000
1645 0.000000000
1646 569.666848959
1647 46834.422630921
1648 44338.345332506
1649 3304.856052099
1650 4486.000000000
1651 0.000000000
1652 0.000000000
1653 0.000000000
1654 16076.829265721
1655 0.000000000
1656 6828.586243923
1657 0.000000000
1658 19.590150561
1659 2244.000000000
1660 0.000000000
1661 9651.694528067
1662 243.539236070
1663 872.001324855
1664 0.000000000
1665 125.762803906
1666 25623.531997180
1667 0.000000000
1668 0.000000000
1669 0.000000000
1670 10.858118863
1671 3414.599237661
1672 4122.153837877
1673 0.000000000
1674 0.000000000
1675 0.000000000
1676 0.000000000
1677 0.000000000
1678 0.000000000
1679 0.000000000
1680 0.000000000
1681 0.000000000
1682 0.000000000
1683 0.000000000
1684 0.000000000
1685 0.000000000
1686 0.000000000
1687 0.000000000
1688 0.000000000
1689 976.052705394
1690 0.000000000
1691 0.000000000
1692 1058.167719733
1693 6726.000000000
1694 0.000000000
1695 0.000000000
1696 2693.026831877
1697 0.000000000
1698 559.522136846
1699 0.000000000
1700 0.000000000
1701 0.000000000
1702 267.701499317
1703 0.000000000
1704 0.000000000
1705 142.651399639
1706 2601.822805994
1707 0.181818182
1708 5736.676565706
1709 5903.149156234
1710 0.000000000
1711 0.000000000
1712 4486.000000000
1713 8.669816085
1714 0.000000000
1715 0.000000000
1716 0.000000000
1717 0.000000000
1718 982.742894443
1719 0.000000000
1720 0.000000000
1721 0.000000000
1722 0.000000000
1723 0.000000000
1724 0.000000000
1725 0.000000000
1726 0.000000000
1727 0.000000000
1728 1793.555920972
1729 674.072931482
1730 11200.000000000
1731 0.000000000
1732 0.000000000
1733 0.000000000
1734 0.000000000
1735 0.000000000
1736 0.000000000
1737 0.000000000
1738 0.000000000
1739 0.000000000
1740 6728.000000000
1741 0.000000000
1742 0.000000000
1743 0.000000000
1744 1121.500000000
1745 1121.500000000
1746 0.000000000
1747 17578.245778019
1748 0.000000000
1749 24391.185284672
1750 0.000000000
1751 0.000000000
1752 3926.787896317
1753 4486.000000000
1754 2030.561282137
1755 0.000000000
1756 0.000000000
1757 0.000000000
1758 0.000000000
1759 0.000000000
1760 11206.000000000
1761 0.000000000
1762 0.000000000
1763 0.000000000
1764 5661.666913317
1765 29810.646315265
1766 40.581324484
1767 11662.738282446
1768 17.704227145
1769 0.000000000
1770 0.000000000
1771 0.000000000
1772 0.000000000
1773 581.806424241
1774 4601.906955501
1775 0.000000000
1776 2244.000000000
1777 0.000000000
1778 0.000000000
1779 0.000000000
1780 4358.151608084
1781 8571.265850671
1782 6388.513112623
1783 9935.349070265
1784 2489.654433398
1785 2489.654433398
1786 2845.188875382
1787 601.188875382
1788 1799.495160068
1789 240.230364297
1790 37832.438735429
1791 0.000000000
1792 0.000000000
1793 0.000000000
1794 0.000000000
1795 1990.162386348
1796 0.000000000
1797 0.000000000
1798 10614.043496810
1799 0.000000000
1800 122.730178903
1801 2521.798343632
1802 0.000000000
1803 0.000000000
1804 4486.000000000
1805 0.000000000
1806 0.000000000
1807 0.000000000
1808 0.000000000
1809 2244.000000000
1810 0.000000000
1811 0.000000000
1812 2244.471315098
1813 0.000000000
1814 1.595751756
1815 1.595751756
1816 0.000000000
1817 0.000000000
1818 1813.437599091
1819 7857.439943694
1820 0.000000000
1821 0.000000000
1822 0.000000000
1823 0.500000000
1824 0.000000000
1825 0.000000000
1826 0.000000000
1827 6729.000000000
1828 0.000000000
1829 0.000000000
1830 0.000000000
1831 15728.078646767
1832 0.000000000
1833 0.000000000
1834 0.000000000
1835 0.000000000
1836 0.000000000
1837 0.000000000
1838 0.000000000
1839 0.000000000
1840 0.000000000
1841 0.000000000
1842 0.000000000
1843 0.000000000
1844 0.000000000
1845 0.000000000
1846 0.000000000
1847 698.220729559
1848 1179.493157647
1849 759.081442388
1850 2044.832319587
1851 2244.000000000
1852 0.000000000
1853 0.055555556
1854 41.241425237
1855 0.000000000
1856 5298.237165348
1857 4.247634492
1858 0.000000000
1859 0.000000000
1860 4336.296723787
1861 0.000000000
1862 2772.382586804
1863 0.000000000
1864 606.715029769
1865 0.222222222
1866 0.000000000
1867 0.000000000
1868 0.000000000
1869 0.000000000
1870 0.000000000
1871 4351.592726393
1872 16158.458098992
1873 4950.192037636
1874 0.000000000
1875 0.000000000
1876 0.000000000
1877 18601.036256008
1878 2340.297917178
1879 0.000000000
1880 2244.000000000
1881 0.000000000
1882 52197.315855471
1883 6350.298821168
1884 75.996507970
1885 0.000000000
1886 0.000000000
1887 36922.170362442
1888 0.000000000
1889 4061.030396134
1890 0.000000000
1891 0.000000000
1892 2182.505432042
1893 0.000000000
1894 0.000000000
1895 229.328646111
1896 229.328646111
1897 320.164565402
1898 8488.121395453
1899 4215.906328459
1900 4991.554557836
1901 12926.200332434
1902 2452.712195737
1903 0.000000000
1904 4486.000000000
1905 2002.169872090
1906 48.925987069
1907 0.000000000
1908 0.000000000
1909 0.569767442
1910 8560.739617687
1911 5091.177984460
1912 0.000000000
1913 6451.712488219
1914 0.000000000
1915 0.000000000
1916 0.000000000
1917 0.000000000
1918 50.796457855
1919 0.000000000
1920 0.000000000
1921 2244.000000000
1922 0.000000000
1923 1118.526282205
1924 2284.574214910
1925 0.000000000
1926 3.528137377
1927 2291.611111768
1928 2069.378613810
1929 2069.378613810
1930 0.000000000
1931 0.000000000
1932 0.000000000
1933 0.000000000
1934 0.000000000
1935 0.000000000
1936 10694.246958003
1937 2244.000000000
1938 16632.782961084
1939 16827.453174647
1940 0.000000000
1941 0.000000000
1942 0.000000000
1943 0.000000000
1944 8279.544073951
1945 6035.544073951
1946 0.000000000
1947 0.375000000
1948 0.375000000
1949 0.000000000
1950 0.000000000
1951 1557.419073951
1952 0.000000000
1953 0.000000000
1954 0.000000000
1955 0.000000000
1956 0.000000000
1957 2244.000000000
1958 0.000000000
1959 113836.192622010
1960 0.000000000
1961 0.000000000
1962 0.000000000
1963 45276.606577388
1964 0.000000000
1965 0.000000000
1966 70.844982539
1967 35.891331356
1968 1614.616929861
1969 70.835485308
1970 5519.445312237
1971 74.041950368
1972 10384.808120136
1973 67.128474598
1974 0.000000000
1975 2978.929039434
1976 0.000000000
1977 0.061707122
1978 0.000000000
1979 0.000000000
1980 6726.000000000
1981 0.000000000
1982 0.000000000
1983 0.000000000
1984 33.035326641
1985 147.424504906
1986 9.802825847
1987 0.000000000
1988 16.606612052
1989 0.000000000
1990 2243.166666667
1991 2243.166666667
1992 79.564646579
1993 680.738593179
1994 634.288988353
1995 0.000000000
1996 0.360326087
1997 0.000000000
1998 1459.478950677
1999 0.000000000
2000 0.000000000
2001 0.000000000
2002 1886.030565288
2003 1.920592450
2004 0.000000000
2005 196.805952420
2006 9171.863158648
2007 0.058823529
2008 0.000000000
2009 0.000000000
2010 0.000000000
2011 0.000000000
2012 0.000000000
2013 2244.000000000
2014 0.000000000
2015 1029.244460353
2016 3635.316979926
2017 59103.855824972
2018 12672.777248580
2019 0.000000000
2020 0.000000000
2021 0.000000000
2022 72.202185527
2023 0.077175970
2024 24005.287043722
2025 0.000000000
2026 0.000000000
2027 0.000000000
2028 0.000000000
2029 1.400272624
2030 0.000000000
2031 3420.154046043
2032 0.000000000
2033 0.000000000
2034 0.000000000
2035 0.000000000
2036 4486.000000000
2037 0.000000000
2038 0.000000000
2039 0.000000000
2040 0.000000000
2041 0.000000000
2042 16932.042857143
2043 0.000000000
2044 3.000000000
2045 0.000000000
2046 0.000000000
2047 2548.285714286
2048 2548.285714286
2049 2548.285714286
2050 2244.000000000
2051 0.000000000
2052 0.000000000
2053 0.000000000
2054 3.000000000
2055 15678.000000000
2056 0.000000000
2057 0.000000000
2058 0.000000000
2059 0.000000000
2060 2244.250000000
2061 0.000000000
2062 0.000000000
2063 0.000000000
2064 0.000000000
2065 2633.373711027
2066 0.000000000
2067 2244.000000000
2068 0.000000000
2069 1610.138719947
2070 6159.938914793
2071 0.285714286
2072 0.000000000
2073 0.000000000
2074 10363.974728967
2075 0.000000000
2076 0.000000000
2077 0.000000000
2078 0.000000000
2079 0.000000000
2080 319.008427024
2081 2244.000000000
2082 0.000000000
2083 2244.333333333
2084 0.000000000
2085 11200.333333333
2086 0.333333333
2087 0.000000000
2088 0.000000000
2089 16611.869405698
2090 0.000000000
2091 0.000000000
2092 0.000000000
2093 0.000000000
2094 945.869405698
2095 0.000000000
2096 560.222222222
2097 560.222222222
2098 560.222222222
2099 560.333333333
2100 0.000000000
2101 0.000000000
2102 0.000000000
2103 3.000000000
2104 3.000000000
2105 3.000000000
2106 3.000000000
2107 738.619623630
2108 738.619623630
2109 738.619623630
2110 0.000000000
2111 0.000000000
2112 0.000000000
2113 0.000000000
2114 1568.500332353
2115 12993.097951663
2116 0.000000000
2117 0.000000000
2118 2255.659634237
2119 15973.965512246
2120 85.468347575
2121 226.311858509
2122 15802.396220086
2123 0.000000000
2124 0.000000000
2125 0.000000000
2126 109.726290917
2127 28.695670109
2128 28.695670109
2129 406.611892024
2130 1551.273271833
2131 1058.487650656
2132 1170.255028491
2133 58.510363331
2134 5162.649844048
2135 0.000000000
2136 29056.302841501
2137 0.000000000
2138 0.000000000
2139 0.000000000
2140 0.000000000
2141 16996.879778492
2142 0.000000000
2143 0.000000000
2144 13446.000000000
2145 0.000000000
2146 0.000000000
2147 0.000000000
2148 0.000000000
2149 0.000000000
2150 0.000000000
2151 2244.000000000
2152 0.000000000
2153 0.000000000
2154 0.000000000
2155 0.000000000
2156 0.000000000
2157 0.000000000
2158 0.000000000
2159 0.000000000
2160 0.000000000
2161 0.000000000
2162 0.000000000
2163 0.000000000
2164 0.000000000
2165 0.000000000
2166 0.000000000
2167 11204.000000000
2168 0.000000000
2169 0.000000000
2170 0.000000000
2171 4486.000000000
2172 0.000000000
2173 0.000000000
2174 8968.000000000
2175 2244.000000000
2176 0.000000000
2177 0.000000000
2178 0.000000000
2179 0.000000000
2180 0.000000000
2181 0.000000000
2182 0.000000000
2183 0.000000000
2184 4480.000000000
2185 4480.000000000
2186 0.000000000
2187 13500.042451726
2188 0.000000000
2189 0.000000000
2190 0.000000000
2191 9309.211037362
2192 4262.825811988
2193 20122.268630324
2194 0.000000000
2195 11497.588900057
2196 2322.903948807
2197 0.000000000
2198 0.000000000
2199 0.000000000
2200 29349.701507667
2201 0.000000000
2202 3760.342723385
2203 8518.194201483
2204 81.436391325
2205 6208.691563500
2206 9.384650276
2207 78.942611819
2208 0.000000000
2209 0.000000000
2210 0.322222222
2211 0.000000000
2212 1121.500000000
2213 1121.500000000
2214 0.000000000
2215 0.000000000
2216 0.000000000
2217 0.000000000
2218 0.000000000
2219 20124.000000000
2220 0.000000000
2221 0.000000000
2222 0.000000000
2223 24574.000000000
2224 26796.000000000
2225 0.000000000
2226 2244.000000000
2227 0.000000000
2228 2244.000000000
2229 8964.000000000
2230 0.000000000
2231 0.000000000
2232 13434.000000000
2233 0.000000000
2234 0.000000000
2235 0.000000000
2236 0.000000000
2237 0.000000000
2238 0.000000000
2239 0.000000000
2240 0.000000000
2241 0.000000000
2242 0.000000000
2243 0.000000000
2244 0.000000000
2245 0.000000000
2246 0.000000000
2247 0.000000000
2248 3.000000000
2249 0.000000000
2250 0.000000000
2251 0.250000000
2252 3.000000000
2253 0.250000000
2254 0.250000000
2255 0.250000000
2256 3.000000000
2257 0.000000000
2258 0.000000000
2259 0.000000000
2260 0.000000000
2261 0.000000000
2262 0.000000000
2263 0.000000000
2264 0.000000000
2265 0.000000000
2266 0.000000000
2267 0.000000000
2268 0.000000000
2269 0.000000000
2270 0.000000000
2271 0.000000000
2272 0.000000000
2273 0.000000000
2274 0.000000000
2275 0.000000000
2276 0.000000000
2277 0.000000000
2278 0.000000000
2279 0.000000000
2280 0.000000000
2281 0.000000000
2282 0.000000000
2283 0.000000000
2284 0.000000000
2285 0.000000000
2286 0.000000000
2287 0.000000000
2288 0.000000000
2289 0.000000000
2290 0.000000000
2291 0.000000000
2292 0.000000000
2293 0.000000000
2294 0.000000000
2295 0.000000000
2296 0.000000000
2297 0.000000000
2298 0.000000000
2299 0.000000000
2300 0.000000000
2301 0.000000000
2302 0.000000000
2303 0.000000000
2304 0.000000000
2305 0.000000000
2306 0.000000000
2307 0.000000000
2308 0.000000000
2309 0.000000000
2310 0.000000000
2311 0.000000000
2312 0.000000000
2313 0.000000000
2314 0.000000000
2315 0.000000000
2316 0.000000000
2317 0.000000000
2318 0.000000000
2319 0.000000000
2320 0.000000000
2321 0.000000000
2322 0.000000000
2323 0.000000000
2324 0.000000000
2325 0.000000000
2326 0.000000000
2327 0.000000000
2328 0.000000000
2329 0.000000000
2330 0.000000000
2331 0.000000000
2332 0.000000000
2333 0.000000000
2334 0.000000000
2335 0.000000000
2336 0.000000000
2337 0.000000000
2338 0.000000000
2339 0.000000000
2340 0.000000000
2341 0.000000000
2342 0.000000000
2343 0.000000000
2344 0.000000000
2345 0.000000000
2346 0.000000000
2347 0.000000000
2348 0.000000000
2349 0.000000000
2350 0.000000000
2351 0.000000000
2352 0.000000000
2353 0.000000000
2354 0.000000000
2355 0.000000000
2356 0.000000000
2357 0.000000000
2358 0.000000000
2359 0.000000000
2360 0.000000000
2361 0.000000000
2362 0.000000000
2363 0.000000000
2364 1.000000000
2365 0.000000000
2366 0.000000000
2367 0.000000000
2368 0.000000000
2369 0.000000000
2370 0.000000000
2371 0.000000000
2372 0.000000000
2373 0.000000000
2374 0.000000000
2375 0.000000000
2376 0.000000000
2377 0.000000000
2378 1.000000000
2379 0.000000000
2380 0.000000000
2381 0.000000000
2382 0.000000000
2383 0.000000000
2384 0.000000000
2385 0.000000000
2386 0.000000000
2387 0.000000000
2388 0.000000000
2389 0.000000000
2390 0.000000000
2391 0.000000000
2392 0.000000000
2393 0.000000000
2394 0.000000000
2395 0.000000000
2396 0.000000000
2397 0.000000000
2398 0.000000000
2399 0.000000000
2400 0.000000000
2401 0.000000000
2402 0.000000000
2403 0.000000000
2404 0.000000000
2405 0.000000000
2406 0.000000000
2407 0.000000000
2408 0.400000000
2409 0.400000000
2410 0.400000000
2411 0.400000000
2412 0.400000000
2413 0.000000000
2414 0.000000000
2415 0.000000000
2416 0.000000000
2417 0.000000000
2418 0.000000000
2419 0.000000000
2420 0.000000000
2421 0.000000000
2422 0.000000000
2423 0.000000000
2424 0.000000000
2425 0.000000000
2426 1.000000000
2427 0.000000000
2428 0.000000000
2429 0.500000000
2430 0.500000000
2431 0.000000000
2432 0.000000000
2433 0.000000000
2434 1.000000000
2435 0.000000000
2436 0.000000000
2437 0.000000000
2438 0.000000000
2439 0.000000000
2440 0.000000000
2441 0.000000000
2442 0.000000000
2443 0.000000000
2444 0.000000000
2445 0.000000000
2446 0.000000000
2447 0.000000000
2448 0.000000000
2449 0.000000000
2450 0.000000000
2451 0.000000000
2452 0.000000000
2453 0.000000000
2454 0.000000000
2455 0.000000000
2456 0.000000000
2457 0.000000000
2458 1.000000000
2459 0.000000000
2460 0.000000000
2461 0.000000000
2462 0.000000000
2463 0.000000000
2464 0.000000000
2465 0.000000000
2466 0.000000000
2467 0.000000000
2468 0.000000000
2469 0.000000000
2470 0.000000000
2471 0.000000000
2472 0.000000000
2473 0.000000000
2474 0.000000000
2475 0.000000000
2476 0.000000000
2477 0.000000000
2478 8.000000000
2479 0.000000000
2480 0.000000000
2481 0.000000000
2482 0.000000000
2483 0.000000000
2484 0.000000000
2485 0.000000000
2486 0.000000000
2487 0.000000000
2488 3.000000000
2489 0.000000000
2490 0.000000000
2491 0.000000000
2492 0.000000000
2493 0.000000000
2494 4.000000000
2495 0.000000000
2496 4.000000000
2497 0.000000000
2498 0.000000000
2499 0.000000000
2500 0.000000000
2501 0.000000000
2502 0.000000000
2503 0.000000000
2504 0.000000000
2505 0.000000000
2506 0.000000000
2507 0.000000000
2508 0.000000000
2509 0.000000000
2510 0.000000000
2511 0.000000000
2512 0.000000000
2513 0.000000000
2514 0.000000000
2515 0.000000000
2516 0.000000000
2517 0.000000000
2518 0.000000000
2519 0.000000000
2520 0.000000000
2521 0.000000000
2522 0.000000000
2523 0.000000000
2524 0.000000000
2525 0.000000000
2526 0.000000000
2527 0.000000000
2528 0.000000000
2529 0.000000000
2530 5.000000000
2531 0.000000000
2532 0.000000000
2533 0.000000000
2534 0.000000000
2535 0.000000000
2536 0.000000000
2537 0.000000000
2538 0.000000000
2539 0.000000000
2540 0.000000000
2541 0.000000000
2542 0.000000000
2543 0.000000000
2544 0.000000000
2545 0.000000000
2546 0.000000000
2547 0.000000000
2548 0.000000000
2549 0.000000000
2550 0.000000000
2551 0.000000000
2552 0.000000000
2553 9.000000000
2554 9.000000000
2555 0.000000000
2556 0.000000000
2557 0.000000000
2558 0.000000000
2559 0.000000000
2560 0.000000000
2561 0.000000000
2562 0.000000000
2563 0.000000000
2564 0.000000000
2565 1.000000000
2566 0.000000000
2567 0.000000000
2568 0.000000000
2569 0.000000000
2570 0.000000000
2571 0.000000000
2572 0.000000000
2573 0.000000000
2574 0.000000000
2575 0.000000000
2576 0.000000000
2577 0.000000000
2578 0.000000000
2579 0.000000000
2580 0.000000000
2581 0.000000000
2582 0.000000000
2583 0.000000000
2584 0.000000000
2585 0.000000000
2586 0.000000000
2587 0.000000000
2588 0.000000000
2589 0.000000000
2590 0.000000000
2591 0.000000000
2592 0.000000000
2593 0.000000000
2594 0.000000000
2595 0.000000000
2596 0.000000000
2597 0.000000000
2598 0.000000000
2599 0.000000000
2600 0.000000000
2601 0.000000000
2602 0.000000000
2603 0.000000000
2604 0.000000000
2605 0.000000000
2606 0.000000000
2607 0.000000000
2608 0.000000000
2609 0.000000000
2610 0.000000000
2611 0.000000000
2612 0.000000000
2613 0.000000000
2614 0.000000000
2615 0.000000000
2616 0.000000000
2617 0.000000000
2618 0.000000000
2619 0.000000000
2620 0.000000000
2621 0.000000000
2622 0.000000000
2623 0.000000000
2624 0.000000000
2625 0.000000000
2626 0.000000000
2627 0.000000000
2628 0.000000000
2629 0.000000000
2630 0.000000000
2631 0.000000000
2632 0.000000000
2633 0.000000000
2634 0.000000000
2635 0.000000000
2636 0.000000000
2637 0.000000000
2638 0.000000000
2639 0.000000000
2640 0.000000000
2641 0.000000000
2642 0.000000000
2643 0.000000000
2644 0.000000000
2645 0.000000000
2646 0.000000000
2647 0.000000000
2648 0.000000000
2649 0.000000000
2650 0.000000000
2651 0.000000000
2652 0.000000000
2653 0.000000000
2654 0.000000000
2655 0.000000000
2656 0.000000000
2657 0.000000000
2658 0.000000000
2659 0.000000000
2660 0.000000000
2661 0.000000000
2662 0.000000000
2663 0.000000000
2664 0.000000000
2665 0.000000000
2666 0.000000000
2667 0.000000000
2668 0.000000000
2669 0.000000000
2670 0.000000000
2671 0.000000000
2672 0.000000000
2673 0.000000000
2674 0.000000000
2675 0.000000000
2676 0.000000000
2677 0.000000000
2678 0.000000000
2679 0.000000000
2680 0.000000000
2681 0.000000000
2682 0.000000000
2683 0.000000000
2684 2.000000000
2685 0.000000000
2686 0.000000000
2687 0.000000000
2688 0.000000000
2689 0.000000000
2690 0.000000000
2691 0.000000000
2692 0.000000000
2693 0.000000000
2694 0.000000000
2695 0.000000000
2696 0.000000000
2697 0.000000000
2698 0.000000000
2699 0.000000000
2700 1.000000000
2701 0.000000000
2702 0.000000000
2703 0.000000000
2704 2.000000000
2705 2.000000000
2706 0.000000000
2707 0.000000000
2708 0.000000000
2709 0.000000000
2710 0.000000000
2711 0.000000000
2712 0.000000000
2713 0.000000000
2714 0.000000000
2715 0.000000000
2716 0.000000000
2717 0.000000000
2718 0.000000000
2719 0.000000000
2720 0.000000000
2721 0.000000000
2722 0.000000000
2723 0.000000000
2724 0.000000000
2725 0.000000000
2726 0.000000000
2727 0.000000000
2728 0.000000000
2729 0.000000000
2730 0.000000000
2731 0.000000000
2732 0.000000000
2733 0.000000000
2734 0.000000000
2735 0.500000000
2736 0.000000000
2737 12.500000000
2738 0.000000000
2739 0.000000000
2740 0.000000000
2741 0.000000000
2742 0.000000000
2743 0.000000000
2744 0.000000000
2745 0.000000000
2746 0.000000000
2747 0.000000000
2748 3.000000000
2749 3.000000000
2750 0.000000000
2751 0.000000000
2752 0.000000000
2753 0.000000000
2754 0.000000000
2755 0.000000000
2756 0.000000000
2757 0.000000000
2758 4.500000000
2759 0.000000000
2760 2.833333333
2761 0.000000000
2762 0.666666667
2763 0.000000000
2764 0.000000000
2765 0.000000000
2766 0.000000000
2767 0.000000000
2768 0.000000000
2769 0.000000000
2770 0.000000000
2771 0.000000000
2772 0.000000000
2773 0.142857143
2774 0.142857143
2775 0.142857143
2776 0.142857143
2777 0.142857143
2778 0.142857143
2779 0.142857143
2780 0.000000000
2781 0.000000000
2782 0.000000000
2783 0.000000000
2784 1.000000000
2785 0.000000000
2786 0.000000000
2787 0.000000000
2788 0.000000000
2789 0.000000000
2790 0.000000000
2791 0.000000000
2792 0.000000000
2793 0.000000000
2794 0.000000000
2795 0.000000000
2796 0.000000000
2797 0.000000000
2798 0.000000000
