626436 6.272280000

0 210.754630130
1 9245.518929356
2 18.173719245
3 9636.206344131
4 39139.270809324
5 9202.024672335
6 7870.668845942
7 6114.878365306
8 5900.799486954
9 352.847368857
10 0.000000000
11 0.000000000
12 5310.245773469
13 3187.564953650
14 3187.564953650
15 0.000000000
16 0.000000000
17 17.387552881
18 17.387552881
19 17.387552881
20 17.387552881
21 8732.184635086
22 0.000000000
23 0.000000000
24 322.214441858
25 5379.924687999
26 3910.214564177
27 3910.214564177
28 3182.968790015
29 108.312666940
30 662.884389292
31 27002.207873546
32 26917.660507613
33 0.000000000
34 0.000000000
35 0.000000000
36 0.000000000
37 3764.866109102
38 8238.032113373
39 346.624882217
40 346.624882217
41 4306.747738057
42 0.000000000
43 0.000000000
44 0.000000000
45 142.297449824
46 142.297449824
47 142.297449824
48 142.297449824
49 142.297449824
50 142.297449824
51 24972.977597466
52 22090.051531243
53 52.804117295
54 2621.564394487
55 2621.564394487
56 9083.459767997
57 0.000000000
58 4005.116446411
59 4961.189819784
60 56914.206668039
61 4224.402252734
62 154.279128621
63 154.279128621
64 154.279128621
65 154.279128621
66 154.279128621
67 154.279128621
68 154.279128621
69 154.279128621
70 154.279128621
71 154.279128621
72 154.279128621
73 154.279128621
74 154.279128621
75 154.279128621
76 154.279128621
77 154.279128621
78 154.279128621
79 154.279128621
80 154.279128621
81 154.279128621
82 154.279128621
83 154.279128621
84 154.279128621
85 154.279128621
86 9217.451415425
87 3391.610783412
88 3391.610783412
89 6276.431507646
90 34012.228454237
91 0.000000000
92 0.000000000
93 0.000000000
94 0.000000000
95 0.000000000
96 0.000000000
97 0.000000000
98 0.000000000
99 970.157357630
100 18730.409410929
101 9322.392398992
102 1015.033185118
103 6486.171917513
104 2221.716090860
105 2221.716090860
106 2221.716090860
107 13906.818873545
108 5231.828398156
109 6030.336176921
110 19999.476639877
111 362.369046501
112 27677.886262152
113 683.056451340
114 1835.905578399
115 3767.554134980
116 4486.000000000
117 21276.373013856
118 6620.644753191
119 13491.372440791
120 7444.195927086
121 175.919017935
122 15192.571811408
123 2655.828698031
124 0.000000000
125 0.000000000
126 0.000000000
127 0.000000000
128 0.000000000
129 0.000000000
130 0.000000000
131 0.000000000
132 0.000000000
133 0.000000000
134 0.000000000
135 0.000000000
136 0.000000000
137 0.000000000
138 0.000000000
139 0.000000000
140 0.000000000
141 0.000000000
142 0.000000000
143 0.000000000
144 0.000000000
145 0.000000000
146 0.000000000
147 0.000000000
148 0.000000000
149 0.000000000
150 0.000000000
151 0.000000000
152 0.000000000
153 0.000000000
154 0.000000000
155 0.000000000
156 0.000000000
157 0.000000000
158 0.000000000
159 0.000000000
160 0.000000000
161 0.000000000
162 0.000000000
163 0.000000000
164 0.000000000
165 6724.979233833
166 6724.979233833
167 6724.979233833
168 1045.749209968
169 1045.749209968
170 1045.749209968
171 5784.489715212
172 4701.139729201
173 0.000000000
174 0.000000000
175 657.446784745
176 657.446784745
177 657.446784745
178 1693.875749963
179 1693.875749963
180 4497.104667008
181 7179.172944510
182 4935.172944510
183 7207.036413171
184 1047.682997275
185 33799.029933760
186 5707.018827880
187 7730.578727018
188 7730.578727018
189 17800.470564473
190 27554.514448344
191 2920.822141937
192 7674.889151509
193 1073.819029876
194 4539.137614375
195 0.000000000
196 607.767655581
197 40161.259566464
198 7479.243311109
199 105424.982939314
200 0.000000000
201 0.000000000
202 0.000000000
203 0.000000000
204 0.000000000
205 0.000000000
206 945.774025835
207 530.451504594
208 0.000000000
209 0.000000000
210 2244.000000000
211 0.000000000
212 0.000000000
213 0.000000000
214 0.000000000
215 8559.052200039
216 65720.783894771
217 1077.568955516
218 1077.568955516
219 2968.876653257
220 563.099853015
221 0.000000000
222 15208.511178886
223 0.000000000
224 0.000000000
225 0.000000000
226 0.000000000
227 0.000000000
228 0.000000000
229 2244.000000000
230 3550.992615455
231 175369.449679907
232 7204.265415479
233 9513.449388408
234 33583.960148739
235 0.000000000
236 58079.454937095
237 0.000000000
238 0.000000000
239 51531.421225700
240 772.723894060
241 0.000000000
242 0.000000000
243 0.000000000
244 0.000000000
245 3001.086007674
246 0.000000000
247 28586.877010066
248 1639.604135791
249 26551.812534732
250 22350.000000000
251 0.000000000
252 0.000000000
253 0.000000000
254 0.000000000
255 0.000000000
256 0.000000000
257 0.000000000
258 0.000000000
259 0.000000000
260 0.000000000
261 0.000000000
262 0.000000000
263 3.461226649
264 959.816137607
265 4125.047172383
266 29289.173080432
267 0.000000000
268 0.000000000
269 0.000000000
270 233.340617028
271 1035.421161323
272 10979.605131697
273 6493.605131698
274 0.000000000
275 8964.000000000
276 5960.000000000
277 5960.000000000
278 5960.000000000
279 0.000000000
280 0.000000000
281 0.000000000
282 0.000000000
283 0.000000000
284 0.000000000
285 0.000000000
286 0.000000000
287 0.000000000
288 0.000000000
289 0.000000000
290 0.000000000
291 0.000000000
292 0.000000000
293 0.000000000
294 0.000000000
295 0.000000000
296 6079.684793536
297 0.000000000
298 1112.840132417
299 819.002343301
300 3.000000000
301 1425.997656699
302 2353.996390053
303 2353.996390053
304 2353.996390053
305 113.996390053
306 113.996390053
307 113.996390053
308 113.996390053
309 113.996390053
310 113.996390053
311 113.996390053
312 24.250395978
313 24.250395978
314 24.250395978
315 0.000000000
316 0.000000000
317 0.000000000
318 0.000000000
319 0.000000000
320 0.000000000
321 0.000000000
322 0.000000000
323 0.000000000
324 0.000000000
325 0.000000000
326 0.000000000
327 0.000000000
328 39762.798888863
329 0.000000000
330 0.000000000
331 0.000000000
332 0.000000000
333 0.000000000
334 0.000000000
335 0.000000000
336 0.000000000
337 0.000000000
338 0.000000000
339 0.000000000
340 4486.000000000
341 0.000000000
342 0.000000000
343 0.000000000
344 0.000000000
345 0.000000000
346 0.000000000
347 0.000000000
348 0.000000000
349 0.000000000
350 0.000000000
351 0.000000000
352 0.000000000
353 0.000000000
354 0.000000000
355 4487.000000000
356 51560.459367156
357 0.000000000
358 0.000000000
359 32990.223572016
360 8907.624013716
361 0.000000000
362 0.000000000
363 6402.608348676
364 0.000000000
365 0.000000000
366 2541.751892473
367 1409.028281017
368 2676.903001337
369 77319.730056395
370 43779.663864726
371 0.000000000
372 75500.675421128
373 36776.155819856
374 0.000000000
375 1704.374111207
376 15938.206757746
377 5709.854819433
378 17013.943387142
379 462.666082804
380 462.666082804
381 2095.416214197
382 0.000000000
383 0.000000000
384 0.000000000
385 0.000000000
386 2345.014392088
387 18454.424490353
388 6381.123940746
389 35251.651322796
390 2669.905949813
391 20034.182288289
392 26796.000000000
393 0.000000000
394 58.967260592
395 49355.980902815
396 0.000000000
397 0.000000000
398 0.000000000
399 5214.115948403
400 13963.825018568
401 3341.920421467
402 27704.480782398
403 56156.885776753
404 0.000000000
405 0.000000000
406 0.000000000
407 0.000000000
408 0.000000000
409 0.000000000
410 0.000000000
411 0.000000000
412 0.000000000
413 0.000000000
414 0.000000000
415 0.000000000
416 0.000000000
417 682.675384069
418 4727.533188683
419 9795.744495611
420 357.680773667
421 357.680773667
422 357.680773667
423 357.680773667
424 357.680773667
425 357.680773667
426 357.680773667
427 357.680773667
428 357.680773667
429 357.680773667
430 357.680773667
431 357.680773667
432 357.680773667
433 1955.583175112
434 1955.583175112
435 1955.583175112
436 1955.583175112
437 1955.583175112
438 1955.583175112
439 1955.583175112
440 1955.583175112
441 10873.664186881
442 10873.664186881
443 21929.691503966
444 357.680773667
445 357.680773667
446 357.680773667
447 357.680773667
448 357.680773667
449 357.680773667
450 357.680773667
451 357.680773667
452 357.680773667
453 357.680773667
454 357.680773667
455 357.680773667
456 357.680773667
457 2214.858389562
458 2214.858389562
459 2214.858389562
460 2214.858389562
461 2214.858389562
462 2214.858389562
463 2214.858389562
464 2214.858389562
465 5083.928697244
466 20182.307247507
467 506.839417959
468 506.839417959
469 506.839417959
470 506.839417959
471 506.839417959
472 506.839417959
473 506.839417959
474 506.839417959
475 506.839417959
476 10854.961646809
477 32.059601396
478 0.000000000
479 0.000000000
480 0.000000000
481 0.000000000
482 2526.827671418
483 1338.037658307
484 1338.037658307
485 1338.037658307
486 1338.037658307
487 1338.037658307
488 1338.037658307
489 0.000000000
490 0.000000000
491 0.000000000
492 0.000000000
493 0.000000000
494 0.000000000
495 0.000000000
496 0.000000000
497 0.000000000
498 0.000000000
499 0.000000000
500 0.000000000
501 0.000000000
502 0.000000000
503 0.000000000
504 0.000000000
505 0.000000000
506 1129.687037762
507 22937.513408414
508 9806.973154583
509 540.237303125
510 102.126799950
511 0.000000000
512 0.000000000
513 0.000000000
514 0.000000000
515 0.000000000
516 0.000000000
517 0.000000000
518 0.000000000
519 0.000000000
520 0.000000000
521 0.000000000
522 0.000000000
523 0.000000000
524 0.000000000
525 0.000000000
526 0.000000000
527 0.000000000
528 0.000000000
529 0.000000000
530 0.000000000
531 0.000000000
532 0.000000000
533 7101.656109374
534 2244.000000000
535 142938.071393918
536 0.000000000
537 93.881246301
538 1012.971249947
539 0.000000000
540 0.000000000
541 535.036171743
542 93.881246301
543 0.000000000
544 0.000000000
545 0.000000000
546 0.000000000
547 0.000000000
548 809.937211749
549 2323.591331148
550 0.000000000
551 621.245755594
552 0.000000000
553 0.000000000
554 0.000000000
555 666.291814065
556 13384.371875199
557 20597.100493439
558 8544.855456726
559 7273.572146202
560 183.189714021
561 0.000000000
562 409.868962905
563 4586.878167626
564 1933.988656910
565 32101.864598521
566 20316.542073537
567 2244.000000000
568 0.000000000
569 0.000000000
570 0.000000000
571 0.000000000
572 0.000000000
573 0.000000000
574 0.000000000
575 0.000000000
576 0.000000000
577 0.000000000
578 20750.453311430
579 0.000000000
580 413.910288764
581 413.910288764
582 413.910288764
583 2644.429313055
584 21092.475761363
585 12.480975709
586 0.000000000
587 200.098927255
588 200.098927255
589 1466.025915721
590 0.000000000
591 2154.496311596
592 103503.700996663
593 0.000000000
594 1402.350948821
595 342.449283761
596 342.449283761
597 342.449283761
598 0.000000000
599 215.147153913
600 3202.328950196
601 31739.134005994
602 0.000000000
603 1701.414096531
604 4517.089287342
605 2829.946478852
606 3962.397705954
607 126.237149127
608 126.237149127
609 126.237149127
610 6335.515395708
611 0.000000000
612 0.000000000
613 0.000000000
614 3.590265926
615 4049.526061506
616 9102.607271556
617 8.549449340
618 6340.448942946
619 14604.691061685
620 0.000000000
621 19881.005416864
622 92373.813692378
623 0.000000000
624 1836.770608474
625 15128.731899518
626 5900.021588751
627 5403.914027542
628 0.000000000
629 0.000000000
630 0.000000000
631 4162.754921287
632 35733.565827132
633 0.000000000
634 0.000000000
635 0.000000000
636 0.000000000
637 0.000000000
638 0.000000000
639 37.003358832
640 19744.513135589
641 0.000000000
642 0.000000000
643 0.000000000
644 0.000000000
645 3937.933729605
646 17.508529866
647 3375.130793620
648 0.000000000
649 0.000000000
650 9077.492572379
651 1593.495754804
652 0.000000000
653 1581.557596492
654 1581.557596492
655 1581.557596492
656 0.000000000
657 496.807748904
658 1187.726953754
659 2574.417847633
660 5574.682749147
661 34686.981026846
662 19242.333552584
663 1919.643920857
664 677.222898242
665 677.222898242
666 55.855327375
667 0.000000000
668 0.000000000
669 0.000000000
670 0.000000000
671 2008.365888959
672 16646.428540223
673 734.501828181
674 291.632719140
675 47907.336896503
676 497.243234749
677 0.000000000
678 10507.977073962
679 10709.680102665
680 3035.931059842
681 7858.927824016
682 0.000000000
683 1997.361375893
684 0.000000000
685 0.000000000
686 0.000000000
687 0.000000000
688 0.000000000
689 0.000000000
690 1196.356689354
691 2244.000000000
692 0.000000000
693 1160.167296792
694 5412.680790871
695 186.867061527
696 5989.246076377
697 0.000000000
698 0.000000000
699 3368.117621961
700 57910.164347099
701 112136.060807301
702 0.000000000
703 0.000000000
704 437.069642529
705 0.000000000
706 0.000000000
707 0.000000000
708 437.069642529
709 0.000000000
710 0.000000000
711 2334.299130408
712 2242.500000000
713 2242.500000000
714 0.000000000
715 0.000000000
716 0.000000000
717 137.752118002
718 0.000000000
719 0.000000000
720 0.000000000
721 25546.314378197
722 80614.647807980
723 301.160287692
724 15.543008833
725 3468.511169663
726 1096.484895864
727 301.160287692
728 301.160287692
729 301.160287692
730 301.160287692
731 301.160287692
732 301.160287692
733 118.339523993
734 118.339523993
735 0.000000000
736 125.481110845
737 4592.555457968
738 403.941555805
739 628.516577962
740 587.205485854
741 0.000000000
742 0.000000000
743 0.000000000
744 0.000000000
745 2565.598555265
746 0.000000000
747 0.000000000
748 0.000000000
749 0.000000000
750 6049.116319561
751 9689.859886546
752 12703.779089029
753 0.000000000
754 0.000000000
755 0.000000000
756 32896.774846139
757 28285.375945403
758 2295.628265077
759 0.000000000
760 8.148571429
761 418.390125830
762 0.000000000
763 0.250000000
764 0.000000000
765 0.000000000
766 0.000000000
767 0.000000000
768 0.000000000
769 0.000000000
770 0.000000000
771 2105.859738122
772 3192.025328548
773 18595.687146119
774 0.000000000
775 0.000000000
776 3.958011454
777 3940.996741092
778 4957.923486598
779 3.958011454
780 3.958011454
781 0.000000000
782 0.000000000
783 0.000000000
784 471.923486598
785 0.000000000
786 2244.500000000
787 0.000000000
788 8964.500000000
789 0.000000000
790 8897.780512885
791 86873.873565703
792 0.000000000
793 663.883179011
794 3241.796355075
795 0.000000000
796 7601.993171933
797 20984.206809376
798 10680.368344991
799 138819.851858614
800 0.000000000
801 5745.386492083
802 0.500000000
803 0.000000000
804 0.000000000
805 178.960351435
806 0.000000000
807 0.000000000
808 506.106997066
809 0.000000000
810 0.000000000
811 85468.779061473
812 0.000000000
813 7409.868556523
814 652.520608602
815 5.333333333
816 31234.000000000
817 0.000000000
818 0.000000000
819 2244.000000000
820 0.000000000
821 1712.193307904
822 27920.262467480
823 11075.898092507
824 0.000000000
825 0.000000000
826 15046.350614120
827 0.000000000
828 16834.412014165
829 15672.000000000
830 23742.618174698
831 173658.518567617
832 0.000000000
833 0.000000000
834 1060.828675671
835 2439.401974639
836 19493.856371822
837 20124.000000000
838 0.000000000
839 27611.187335374
840 7769.521064295
841 0.000000000
842 8964.000000000
843 0.000000000
844 5067.211916031
845 2671.771212040
846 20326.627253173
847 4513.915252098
848 1107.277652071
849 0.000000000
850 0.000000000
851 5110.910597960
852 54001.178491500
853 6011.245352447
854 51882.089587135
855 53297.258870482
856 0.000000000
857 8965.000000000
858 12823.137868223
859 0.000000000
860 10155.483079660
861 197.898497010
862 1596.003194593
863 924.075106852
864 8969.000000000
865 9898.189017869
866 4339.621151910
867 2101.006787849
868 10037.205350296
869 119.793968713
870 285.086284457
871 1.000000000
872 0.000000000
873 0.000000000
874 0.000000000
875 0.000000000
876 0.000000000
877 0.000000000
878 2306.699777685
879 30479.032134615
880 2244.000000000
881 61.775156184
882 0.000000000
883 2633.814982966
884 0.000000000
885 0.000000000
886 5512.183261494
887 0.000000000
888 16108.004772312
889 24384.654008063
890 23134.179111691
891 474.851858262
892 4856.193282190
893 330.268637670
894 5791.940150713
895 126.652837089
896 2794.767327767
897 11608.974443520
898 0.000000000
899 0.000000000
900 6728.000000000
901 0.000000000
902 0.000000000
903 8.504549305
904 20534.465844299
905 28541.883804433
906 15011.223604054
907 7735.721228476
908 12490.880081009
909 0.000000000
910 0.000000000
911 0.000000000
912 0.000000000
913 5021.201838952
914 4486.000000000
915 39582.005259988
916 305.375228464
917 305.375228464
918 0.000000000
919 23209.338381524
920 1270.500310665
921 0.000000000
922 67251.439966961
923 21213.181179807
924 31865.448163150
925 22702.599914639
926 32933.881578314
927 32933.881578314
928 1505.912238932
929 1505.912238932
930 9428.592769886
931 0.000000000
932 0.000000000
933 0.100000000
934 0.100000000
935 0.100000000
936 0.100000000
937 0.100000000
938 0.100000000
939 0.100000000
940 0.100000000
941 0.100000000
942 0.100000000
943 0.100000000
944 0.100000000
945 0.100000000
946 1505.912238932
947 0.100000000
948 1505.912238932
949 1505.912238932
950 1505.912238932
951 0.100000000
952 0.100000000
953 0.000000000
954 0.100000000
955 0.100000000
956 0.100000000
957 0.100000000
958 0.100000000
959 0.000000000
960 0.000000000
961 0.000000000
962 0.100000000
963 0.100000000
964 0.100000000
965 0.100000000
966 0.100000000
967 0.100000000
968 0.100000000
969 0.100000000
970 0.100000000
971 0.100000000
972 4210.403855307
973 5660.597921435
974 807.260544910
975 3243.234020305
976 0.000000000
977 0.000000000
978 0.000000000
979 1.000000000
980 11819.280283950
981 0.000000000
982 1612.412362348
983 14233.312997072
984 0.000000000
985 997.052249927
986 6348.709529564
987 0.000000000
988 2244.000000000
989 0.000000000
990 9007.536706368
991 824.218470813
992 0.000000000
993 0.000000000
994 479.856894659
995 7630.114873482
996 8243.413270872
997 0.000000000
998 62559.557636569
999 41879.570445061
1000 0.000000000
1001 0.000000000
1002 3460.653459878
1003 72.571411345
1004 4835.571636243
1005 0.000000000
1006 0.000000000
1007 2620.495040321
1008 4420.168195811
1009 35655.068949299
1010 0.000000000
1011 0.000000000
1012 0.000000000
1013 2341.830236351
1014 3923.411570779
1015 0.000000000
1016 1615.525706923
1017 24737.556889238
1018 24688.303745558
1019 0.000000000
1020 0.000000000
1021 6728.000000000
1022 0.000000000
1023 2244.000000000
1024 0.000000000
1025 6726.000000000
1026 0.000000000
1027 8964.000000000
1028 1121.500000000
1029 1121.500000000
1030 22377.000000000
1031 0.000000000
1032 0.000000000
1033 0.000000000
1034 2244.000000000
1035 0.000000000
1036 4575.494968661
1037 1354.435196186
1038 0.000000000
1039 0.000000000
1040 0.000000000
1041 295.051765607
1042 295.051765607
1043 295.051765607
1044 295.051765607
1045 295.051765607
1046 0.000000000
1047 0.000000000
1048 11428.039842258
1049 10831.191614310
1050 443.055337859
1051 636.757811413
1052 0.000000000
1053 13496.939444248
1054 2349.386533827
1055 119.912920453
1056 0.000000000
1057 14.354273990
1058 0.000000000
1059 0.000000000
1060 0.000000000
1061 0.000000000
1062 2091.075861651
1063 1918.395619053
1064 21.289501172
1065 0.000000000
1066 932.590327072
1067 0.200000000
1068 0.200000000
1069 0.000000000
1070 0.000000000
1071 26121.572960014
1072 2244.106325088
1073 4488.106325088
1074 0.000000000
1075 0.000000000
1076 0.000000000
1077 0.000000000
1078 0.000000000
1079 0.000000000
1080 0.000000000
1081 0.000000000
1082 2167.476410064
1083 2513.437913414
1084 2049.447370262
1085 3620.481658731
1086 4274.820188149
1087 12037.906358392
1088 1366.260983671
1089 1366.260983671
1090 23134.900192358
1091 0.000000000
1092 0.000000000
1093 0.000000000
1094 1693.501276198
1095 2925.492046361
1096 12.867049513
1097 171.810202283
1098 171.810202283
1099 143.592143335
1100 0.000000000
1101 32.697467417
1102 0.000000000
1103 672.991476561
1104 672.991476561
1105 672.991476561
1106 4323.262301773
1107 139.243414053
1108 0.000000000
1109 1.272727273
1110 0.000000000
1111 0.000000000
1112 0.000000000
1113 0.000000000
1114 0.000000000
1115 0.000000000
1116 46.047232119
1117 5485.336423095
1118 0.000000000
1119 7355.062500421
1120 10885.823237282
1121 192.543339357
1122 51163.907634470
1123 885.063961146
1124 885.063961146
1125 192.543339357
1126 472.385191669
1127 0.000000000
1128 46.047232119
1129 46.047232119
1130 46.047232119
1131 46.047232119
1132 46.047232119
1133 46.047232119
1134 46.047232119
1135 9246.881484429
1136 9246.881484429
1137 4408.537611196
1138 0.000000000
1139 0.000000000
1140 0.000000000
1141 0.000000000
1142 8964.000000000
1143 2244.000000000
1144 0.000000000
1145 0.000000000
1146 0.000000000
1147 0.000000000
1148 0.000000000
1149 446.476046549
1150 446.476046549
1151 446.476046549
1152 446.476046549
1153 446.476046549
1154 446.476046549
1155 446.476046549
1156 446.476046549
1157 446.476046549
1158 0.000000000
1159 0.000000000
1160 0.000000000
1161 0.000000000
1162 0.000000000
1163 0.000000000
1164 0.000000000
1165 0.000000000
1166 1025.039291161
1167 2955.359951792
1168 691.395763417
1169 41136.774967390
1170 3752.118850825
1171 0.000000000
1172 4014.689900836
1173 0.000000000
1174 715.852512988
1175 565.736959742
1176 0.000000000
1177 4716.797129327
1178 1320.034472712
1179 17.900407044
1180 15.162212911
1181 0.000000000
1182 0.000000000
1183 0.000000000
1184 0.000000000
1185 16656.514606443
1186 51255.702096164
1187 10341.433301208
1188 1203.818981310
1189 4380.971463392
1190 0.000000000
1191 0.000000000
1192 0.000000000
1193 0.000000000
1194 0.000000000
1195 24057.407865766
1196 7945.425869466
1197 0.000000000
1198 2242.000000000
1199 1209.627911359
1200 0.000000000
1201 0.000000000
1202 2242.000000000
1203 0.000000000
1204 0.000000000
1205 1914.000000000
1206 1914.000000000
1207 1914.000000000
1208 1914.000000000
1209 1914.000000000
1210 1914.000000000
1211 1914.000000000
1212 0.000000000
1213 0.000000000
1214 0.000000000
1215 0.000000000
1216 0.000000000
1217 0.000000000
1218 0.000000000
1219 0.000000000
1220 0.000000000
1221 0.000000000
1222 0.000000000
1223 0.000000000
1224 0.000000000
1225 10832.767382447
1226 0.000000000
1227 0.000000000
1228 0.000000000
1229 0.000000000
1230 0.000000000
1231 0.000000000
1232 0.000000000
1233 0.000000000
1234 9292.958576088
1235 1121.500000000
1236 1121.500000000
1237 0.000000000
1238 667.010071699
1239 0.000000000
1240 0.000000000
1241 0.000000000
1242 1325.123580354
1243 314.672409333
1244 13131.534442812
1245 18945.182188959
1246 0.000000000
1247 0.000000000
1248 0.000000000
1249 121.206379386
1250 0.500000000
1251 0.000000000
1252 8983.701869274
1253 0.000000000
1254 387.527240055
1255 0.000000000
1256 0.000000000
1257 8928.641823953
1258 2808.598139311
1259 39949.106656110
1260 10767.281017505
1261 1260.845773529
1262 3313.305031984
1263 4247.523506079
1264 5494.295310414
1265 20221.525633924
1266 1.642082925
1267 2690.821547552
1268 5159.116161687
1269 353.522390004
1270 50.169332347
1271 0.000000000
1272 0.000000000
1273 0.000000000
1274 0.000000000
1275 51413.263103032
1276 628.157904281
1277 17896.000000000
1278 3944.525074467
1279 154.461266374
1280 828.137000496
1281 93.781151694
1282 4294.466419699
1283 2244.000000000
1284 2418.461200934
1285 0.966666667
1286 0.000000000
1287 0.000000000
1288 29.826549107
1289 0.000000000
1290 1305.264839799
1291 22.094730904
1292 127.181935024
1293 7421.270641145
1294 0.000000000
1295 13.730619611
1296 2590.680002417
1297 10995.307768890
1298 2.502957608
1299 280.201468989
1300 290.454106786
1301 52.163633481
1302 0.000000000
1303 0.000000000
1304 111.391317639
1305 111.391317639
1306 0.000000000
1307 0.000000000
1308 0.000000000
1309 225.803393952
1310 0.000000000
1311 15666.000000000
1312 0.000000000
1313 0.000000000
1314 4357.599452372
1315 0.000000000
1316 0.000000000
1317 6530.603575218
1318 0.000000000
1319 0.000000000
1320 0.000000000
1321 245.658686539
1322 1946.924972124
1323 0.000000000
1324 0.000000000
1325 10026.419032231
1326 5535.423755333
1327 2398.346870669
1328 323.132308156
1329 0.000000000
1330 14912.881205933
1331 2007.203812931
1332 0.000000000
1333 3908.611503151
1334 776.448845687
1335 0.000000000
1336 15503.908780460
1337 14301.980671298
1338 13.998866677
1339 0.000000000
1340 13.998866677
1341 13.998866677
1342 13.998866677
1343 126.516518628
1344 126.516518628
1345 126.516518628
1346 120.900625153
1347 0.000000000
1348 0.000000000
1349 4.949226808
1350 4.949226808
1351 4.949226808
1352 0.000000000
1353 0.000000000
1354 2264.390908366
1355 0.000000000
1356 377.471346886
1357 377.471346886
1358 0.000000000
1359 0.250000000
1360 0.000000000
1361 0.000000000
1362 0.000000000
1363 0.000000000
1364 984.558551900
1365 0.000000000
1366 0.000000000
1367 0.000000000
1368 0.000000000
1369 81.190479241
1370 96.934514311
1371 4533.832612846
1372 22484.751712842
1373 39679.499797956
1374 2244.000000000
1375 0.000000000
1376 0.000000000
1377 155.518490823
1378 9.286743062
1379 9.286743062
1380 890.118211677
1381 9861.989894423
1382 0.000000000
1383 0.000000000
1384 0.000000000
1385 155.518490823
1386 0.000000000
1387 0.000000000
1388 24574.833333333
1389 0.000000000
1390 0.000000000
1391 0.000000000
1392 0.000000000
1393 0.000000000
1394 0.000000000
1395 0.000000000
1396 0.000000000
1397 0.000000000
1398 0.000000000
1399 0.000000000
1400 0.833333333
1401 0.833333333
1402 0.833333333
1403 0.833333333
1404 0.833333333
1405 0.000000000
1406 0.000000000
1407 0.000000000
1408 0.000000000
1409 0.000000000
1410 2244.000000000
1411 0.000000000
1412 0.000000000
1413 0.000000000
1414 0.000000000
1415 0.000000000
1416 0.000000000
1417 1918.472610849
1418 2587.601538898
1419 1412.871691460
1420 0.000000000
1421 782.379871303
1422 0.000000000
1423 0.000000000
1424 36927.638633801
1425 4486.000000000
1426 0.000000000
1427 0.000000000
1428 0.000000000
1429 0.000000000
1430 0.000000000
1431 16633.737963900
1432 7947.941249840
1433 7947.941249840
1434 0.000000000
1435 0.000000000
1436 0.000000000
1437 0.000000000
1438 7479.069957483
1439 5171.181192439
1440 10907.326927618
1441 886.212492213
1442 0.000000000
1443 0.000000000
1444 0.000000000
1445 2856.004205734
1446 367.300247275
1447 760.922535159
1448 0.000000000
1449 1761.221705796
1450 2240.000000000
1451 2240.000000000
1452 2240.000000000
1453 3232.626876890
1454 0.000000000
1455 0.000000000
1456 0.000000000
1457 0.000000000
1458 0.000000000
1459 8740.222513192
1460 342.799453767
1461 26635.344725622
1462 46161.403156907
1463 0.000000000
1464 0.000000000
1465 0.000000000
1466 28318.686630651
1467 9424.909129559
1468 0.000000000
1469 48.588837000
1470 1460.568457779
1471 0.000000000
1472 0.000000000
1473 0.000000000
1474 1050.132084209
1475 0.000000000
1476 7261.058754433
1477 248.712049173
1478 2303.645974783
1479 2442.836566372
1480 0.000000000
1481 264.939323896
1482 0.000000000
1483 4487.000000000
1484 0.000000000
1485 0.000000000
1486 0.000000000
1487 0.000000000
1488 7926.221781458
1489 2151.807703253
1490 1391.747668596
1491 2151.807703253
1492 2151.807703253
1493 2151.807703253
1494 2135.865114336
1495 55.835056735
1496 1142.149003532
1497 1.000000000
1498 1.000000000
1499 55.835056735
1500 1.000000000
1501 1335.067147140
1502 147.889008603
1503 0.000000000
1504 2244.000000000
1505 147.889008603
1506 147.889008603
1507 147.889008603
1508 0.000000000
1509 0.000000000
1510 0.000000000
1511 0.000000000
1512 0.000000000
1513 0.000000000
1514 0.000000000
1515 0.000000000
1516 0.000000000
1517 0.000000000
1518 0.000000000
1519 0.000000000
1520 4751.192696367
1521 18947.522615350
1522 0.000000000
1523 0.000000000
1524 2249.099356867
1525 0.000000000
1526 0.000000000
1527 0.000000000
1528 5477.853676707
1529 0.000000000
1530 8313.609326883
1531 5101.949425214
1532 0.000000000
1533 0.000000000
1534 0.000000000
1535 54.713768967
1536 0.000000000
1537 9958.276115673
1538 0.000000000
1539 0.000000000
1540 13673.295561457
1541 0.000000000
1542 0.000000000
1543 0.000000000
1544 61.399938420
1545 0.000000000
1546 0.000000000
1547 0.000000000
1548 0.000000000
1549 0.000000000
1550 0.000000000
1551 11205.000000000
1552 1.000000000
1553 0.000000000
1554 0.000000000
1555 0.000000000
1556 402.438232336
1557 0.000000000
1558 0.000000000
1559 0.000000000
1560 0.000000000
1561 1782.713237160
1562 11079.776885868
1563 41873.214827450
1564 35.974435886
1565 0.000000000
1566 0.000000000
1567 0.000000000
1568 0.000000000
1569 0.000000000
1570 0.500000000
1571 0.000000000
1572 3032.886536190
1573 23482.202933662
1574 44.935544874
1575 0.000000000
1576 0.000000000
1577 405.395650233
1578 443.603320953
1579 0.000000000
1580 0.000000000
1581 0.000000000
1582 2131.721480402
1583 0.000000000
1584 3152.672048436
1585 3152.672048436
1586 1793.289615452
1587 0.000000000
1588 0.333333333
1589 0.000000000
1590 0.000000000
1591 0.000000000
1592 0.000000000
1593 0.000000000
1594 0.000000000
1595 3021.978147512
1596 0.333333333
1597 0.000000000
1598 0.000000000
1599 0.000000000
1600 0.000000000
1601 17649.779703158
1602 0.000000000
1603 0.000000000
1604 5.626111965
1605 15.360087440
1606 0.000000000
1607 0.000000000
1608 0.000000000
1609 744.303556452
1610 1057.704681309
1611 1057.704681309
1612 1057.704681309
1613 1057.704681309
1614 51.627201727
1615 0.000000000
1616 0.000000000
1617 0.000000000
1618 0.000000000
1619 5100.759692353
1620 2.500000000
1621 6590.089145268
1622 5380.878580079
1623 0.000000000
1624 0.000000000
1625 0.000000000
1626 0.000000000
1627 0.000000000
1628 0.000000000
1629 0.000000000
1630 35553.600352742
1631 0.000000000
1632 0.000000000
1633 17056.961311843
1634 0.000000000
1635 914.293289578
1636 202.401680723
1637 0.000000000
1638 0.000000000
1639 912.197092620
1640 4826.158310347
1641 0.000000000
1642 15987.660863697
1643 183.655689377
1644 0.000000000
1645 0.000000000
1646 735.047076895
1647 42267.832073237
1648 41527.610817962
1649 4080.161556401
1650 4486.000000000
1651 0.000000000
1652 0.000000000
1653 0.000000000
1654 13780.828087340
1655 0.000000000
1656 6843.767845761
1657 0.000000000
1658 27.308299817
1659 2244.000000000
1660 0.000000000
1661 11150.122711680
1662 284.116639873
1663 941.909601554
1664 0.000000000
1665 172.318008524
1666 26345.227337758
1667 0.000000000
1668 0.000000000
1669 0.000000000
1670 14.308320070
1671 3584.873651929
1672 4164.810240105
1673 0.000000000
1674 0.000000000
1675 0.000000000
1676 0.000000000
1677 0.000000000
1678 0.000000000
1679 0.000000000
1680 0.000000000
1681 0.000000000
1682 0.000000000
1683 0.000000000
1684 0.000000000
1685 0.000000000
1686 0.000000000
1687 0.000000000
1688 0.000000000
1689 966.039897205
1690 0.000000000
1691 0.000000000
1692 1461.933416226
1693 6726.000000000
1694 0.000000000
1695 0.000000000
1696 2541.773027510
1697 0.000000000
1698 862.853644744
1699 0.000000000
1700 0.000000000
1701 0.000000000
1702 375.690972897
1703 0.000000000
1704 0.000000000
1705 269.983374477
1706 2679.457444635
1707 0.333333333
1708 5653.608633625
1709 6687.388563994
1710 0.000000000
1711 0.000000000
1712 4486.000000000
1713 11.431318681
1714 0.000000000
1715 0.000000000
1716 0.000000000
1717 0.000000000
1718 1183.875798046
1719 0.000000000
1720 0.000000000
1721 0.000000000
1722 0.000000000
1723 0.000000000
1724 0.000000000
1725 0.000000000
1726 0.000000000
1727 0.000000000
1728 1951.971813038
1729 822.188958779
1730 11200.000000000
1731 0.000000000
1732 0.000000000
1733 0.000000000
1734 0.000000000
1735 0.000000000
1736 0.000000000
1737 0.000000000
1738 0.000000000
1739 0.000000000
1740 6728.000000000
1741 0.000000000
1742 0.000000000
1743 0.000000000
1744 1121.500000000
1745 1121.500000000
1746 0.000000000
1747 16154.295154420
1748 0.000000000
1749 23786.391145826
1750 0.000000000
1751 0.000000000
1752 3704.209974261
1753 4486.000000000
1754 2191.995129629
1755 0.000000000
1756 0.000000000
1757 0.000000000
1758 0.000000000
1759 0.000000000
1760 11206.000000000
1761 0.000000000
1762 0.000000000
1763 0.000000000
1764 6046.484616111
1765 30904.599022857
1766 47.981570199
1767 11302.627724500
1768 19.023809524
1769 0.000000000
1770 0.000000000
1771 0.000000000
1772 0.000000000
1773 853.238881321
1774 4018.832197711
1775 0.000000000
1776 2244.000000000
1777 0.000000000
1778 0.000000000
1779 0.000000000
1780 4732.324666716
1781 8973.145559258
1782 6790.623992135
1783 6513.772973612
1784 2958.264693025
1785 2958.264693025
1786 2889.628570831
1787 645.628570831
1788 1897.163514908
1789 310.880672482
1790 35901.573582455
1791 0.000000000
1792 0.000000000
1793 0.000000000
1794 0.000000000
1795 1514.109334775
1796 0.000000000
1797 0.000000000
1798 9527.439615155
1799 0.000000000
1800 239.330363437
1801 2532.930014572
1802 0.000000000
1803 0.000000000
1804 4486.000000000
1805 0.000000000
1806 0.000000000
1807 0.000000000
1808 0.000000000
1809 2244.000000000
1810 0.000000000
1811 0.000000000
1812 2244.495154301
1813 0.000000000
1814 4.887336571
1815 4.887336571
1816 0.000000000
1817 0.000000000
1818 2175.985439958
1819 7898.043017673
1820 0.000000000
1821 0.000000000
1822 0.000000000
1823 0.500000000
1824 0.000000000
1825 0.000000000
1826 0.000000000
1827 6729.000000000
1828 0.000000000
1829 0.000000000
1830 0.000000000
1831 16155.664019764
1832 0.000000000
1833 0.000000000
1834 0.000000000
1835 0.000000000
1836 0.000000000
1837 0.000000000
1838 0.000000000
1839 0.000000000
1840 0.000000000
1841 0.000000000
1842 0.000000000
1843 0.000000000
1844 0.000000000
1845 0.000000000
1846 0.000000000
1847 703.196355576
1848 748.828013365
1849 748.828013365
1850 2510.373746373
1851 2244.000000000
1852 0.000000000
1853 0.250000000
1854 456.453966457
1855 0.000000000
1856 5186.865964417
1857 3.992388880
1858 0.000000000
1859 0.000000000
1860 5197.066585598
1861 0.000000000
1862 2891.243317174
1863 0.000000000
1864 802.729282836
1865 0.333333333
1866 0.000000000
1867 0.000000000
1868 0.000000000
1869 0.000000000
1870 0.000000000
1871 4714.189840620
1872 15314.024461098
1873 5102.509150988
1874 0.000000000
1875 0.000000000
1876 0.000000000
1877 15494.157421649
1878 2382.075840243
1879 0.000000000
1880 2244.000000000
1881 0.000000000
1882 52123.149819563
1883 6917.085923566
1884 95.305241829
1885 0.000000000
1886 0.000000000
1887 41563.768070595
1888 0.000000000
1889 4225.058253916
1890 0.000000000
1891 0.000000000
1892 2869.414420988
1893 0.000000000
1894 0.000000000
1895 294.325005846
1896 294.325005846
1897 397.945000361
1898 7609.691371721
1899 3846.312825573
1900 5843.736609578
1901 10742.603551105
1902 3762.787421375
1903 0.000000000
1904 4486.000000000
1905 1941.786584097
1906 118.193713678
1907 0.000000000
1908 0.000000000
1909 2.700000000
1910 9042.389214426
1911 5079.031943456
1912 0.000000000
1913 6564.112424642
1914 0.000000000
1915 0.000000000
1916 0.000000000
1917 0.000000000
1918 59.289029575
1919 0.000000000
1920 0.000000000
1921 2244.000000000
1922 0.000000000
1923 825.778302012
1924 2315.319056898
1925 0.000000000
1926 5.271557902
1927 2125.514402427
1928 2015.088628058
1929 2015.088628058
1930 0.000000000
1931 0.000000000
1932 0.000000000
1933 0.000000000
1934 0.000000000
1935 0.000000000
1936 13887.139605791
1937 2244.000000000
1938 16811.120778203
1939 13811.253331281
1940 0.000000000
1941 0.000000000
1942 0.000000000
1943 0.000000000
1944 8302.555923115
1945 6058.555923114
1946 0.000000000
1947 0.250000000
1948 0.250000000
1949 0.000000000
1950 0.000000000
1951 1580.305923114
1952 0.000000000
1953 0.000000000
1954 0.000000000
1955 0.000000000
1956 0.000000000
1957 2244.000000000
1958 0.000000000
1959 109741.870336672
1960 0.000000000
1961 0.000000000
1962 0.000000000
1963 45182.689416856
1964 0.000000000
1965 0.000000000
1966 193.381955545
1967 110.757379999
1968 1578.904206601
1969 334.156618797
1970 6133.957983298
1971 106.946206924
1972 10453.279069046
1973 178.441305484
1974 0.000000000
1975 4041.685607965
1976 0.000000000
1977 1.885714286
1978 0.000000000
1979 0.000000000
1980 6726.000000000
1981 0.000000000
1982 0.000000000
1983 0.000000000
1984 49.363436258
1985 211.923925910
1986 45.366761318
1987 0.000000000
1988 107.204814891
1989 0.000000000
1990 2247.250000000
1991 2247.250000000
1992 246.307138980
1993 810.602496118
1994 1044.990555381
1995 0.000000000
1996 0.635746606
1997 0.000000000
1998 1413.804227288
1999 0.000000000
2000 0.000000000
2001 0.000000000
2002 2037.253260457
2003 9.934621818
2004 0.000000000
2005 1169.870730418
2006 8921.929203046
2007 0.333333333
2008 0.000000000
2009 0.000000000
2010 0.000000000
2011 0.000000000
2012 0.000000000
2013 2244.000000000
2014 0.000000000
2015 1338.116456282
2016 4159.600415859
2017 59558.087747456
2018 12495.785555469
2019 0.000000000
2020 0.000000000
2021 0.000000000
2022 78.789879403
2023 2.836421911
2024 22953.442020414
2025 0.000000000
2026 0.000000000
2027 0.000000000
2028 0.000000000
2029 14.292355515
2030 0.000000000
2031 4506.654210618
2032 0.000000000
2033 0.000000000
2034 0.000000000
2035 0.000000000
2036 4486.000000000
2037 0.000000000
2038 0.000000000
2039 0.000000000
2040 0.000000000
2041 0.000000000
2042 11203.500000000
2043 0.000000000
2044 5.000000000
2045 0.000000000
2046 0.000000000
2047 4458.000000000
2048 4458.000000000
2049 4458.000000000
2050 2244.000000000
2051 0.000000000
2052 0.000000000
2053 0.000000000
2054 3.000000000
2055 15680.000000000
2056 0.000000000
2057 0.000000000
2058 0.000000000
2059 0.000000000
2060 2244.250000000
2061 0.000000000
2062 0.000000000
2063 0.000000000
2064 0.000000000
2065 2715.828900585
2066 0.000000000
2067 2244.000000000
2068 0.000000000
2069 2790.075126146
2070 4784.590170625
2071 0.333333333
2072 0.000000000
2073 0.000000000
2074 10176.625349294
2075 0.000000000
2076 0.000000000
2077 0.000000000
2078 0.000000000
2079 0.000000000
2080 336.440471617
2081 2244.000000000
2082 0.000000000
2083 2244.333333333
2084 0.000000000
2085 11200.333333333
2086 0.333333333
2087 0.000000000
2088 0.000000000
2089 16663.375830725
2090 0.000000000
2091 0.000000000
2092 0.000000000
2093 0.000000000
2094 997.375830725
2095 0.000000000
2096 560.250000000
2097 560.250000000
2098 560.250000000
2099 560.250000000
2100 0.000000000
2101 0.000000000
2102 0.000000000
2103 3.000000000
2104 3.000000000
2105 3.000000000
2106 3.000000000
2107 661.838420915
2108 661.838420915
2109 661.838420915
2110 0.000000000
2111 0.000000000
2112 0.000000000
2113 0.000000000
2114 1570.637838067
2115 13533.572835292
2116 0.000000000
2117 0.000000000
2118 2189.341845805
2119 16854.203496267
2120 29.092276417
2121 302.916575936
2122 16725.416184955
2123 0.000000000
2124 0.000000000
2125 0.000000000
2126 93.190033290
2127 35.126911977
2128 35.126911977
2129 516.553370572
2130 1263.886703905
2131 1263.886703905
2132 1263.886703905
2133 105.480220137
2134 4291.828301988
2135 0.000000000
2136 29672.634218118
2137 0.000000000
2138 0.000000000
2139 0.000000000
2140 0.000000000
2141 17201.241620752
2142 0.000000000
2143 0.000000000
2144 13446.000000000
2145 0.000000000
2146 0.000000000
2147 0.000000000
2148 0.000000000
2149 0.000000000
2150 0.000000000
2151 2244.000000000
2152 0.000000000
2153 0.000000000
2154 0.000000000
2155 0.000000000
2156 0.000000000
2157 0.000000000
2158 0.000000000
2159 0.000000000
2160 0.000000000
2161 0.000000000
2162 0.000000000
2163 0.000000000
2164 0.000000000
2165 0.000000000
2166 0.000000000
2167 11204.000000000
2168 0.000000000
2169 0.000000000
2170 0.000000000
2171 4486.000000000
2172 0.000000000
2173 0.000000000
2174 8968.000000000
2175 2244.000000000
2176 0.000000000
2177 0.000000000
2178 0.000000000
2179 0.000000000
2180 0.000000000
2181 0.000000000
2182 0.000000000
2183 0.000000000
2184 4480.000000000
2185 4480.000000000
2186 0.000000000
2187 13545.673887060
2188 0.000000000
2189 0.000000000
2190 0.000000000
2191 8899.839315271
2192 4725.050928212
2193 21394.832046264
2194 0.000000000
2195 15705.386890108
2196 2349.120590494
2197 0.000000000
2198 0.000000000
2199 0.000000000
2200 27434.123894122
2201 0.000000000
2202 4084.462395907
2203 5189.552856208
2204 247.660557406
2205 4978.731524007
2206 43.257703416
2207 123.605705242
2208 0.000000000
2209 0.000000000
2210 0.500000000
2211 0.000000000
2212 1121.500000000
2213 1121.500000000
2214 0.000000000
2215 0.000000000
2216 0.000000000
2217 0.000000000
2218 0.000000000
2219 20124.000000000
2220 0.000000000
2221 0.000000000
2222 0.000000000
2223 24574.000000000
2224 26796.000000000
2225 0.000000000
2226 2244.000000000
2227 0.000000000
2228 2244.000000000
2229 8964.000000000
2230 0.000000000
2231 0.000000000
2232 13434.000000000
2233 0.000000000
2234 0.000000000
2235 0.000000000
2236 0.000000000
2237 0.000000000
2238 0.000000000
2239 0.000000000
2240 0.000000000
2241 0.000000000
2242 0.000000000
2243 0.000000000
2244 0.000000000
2245 0.000000000
2246 0.000000000
2247 0.000000000
2248 3.000000000
2249 0.000000000
2250 0.000000000
2251 0.250000000
2252 3.000000000
2253 0.250000000
2254 0.250000000
2255 0.250000000
2256 3.000000000
2257 0.000000000
2258 0.000000000
2259 0.000000000
2260 0.000000000
2261 0.000000000
2262 0.000000000
2263 0.000000000
2264 0.000000000
2265 0.000000000
2266 0.000000000
2267 0.000000000
2268 0.000000000
2269 0.000000000
2270 0.000000000
2271 0.000000000
2272 0.000000000
2273 0.000000000
2274 0.000000000
2278 0.000000000
2279 0.000000000
2281 0.000000000
2282 0.000000000
2283 0.000000000
2284 0.000000000
2285 0.000000000
2286 0.000000000
2287 0.000000000
2288 0.000000000
2289 0.000000000
2290 0.000000000
2291 0.000000000
2292 0.000000000
2293 0.000000000
2294 0.000000000
2295 0.000000000
2296 0.000000000
2297 0.000000000
2298 0.000000000
2299 0.000000000
2300 0.000000000
2301 0.000000000
2302 0.000000000
2303 0.000000000
2304 0.000000000
2305 0.000000000
2306 0.000000000
2307 0.000000000
2308 0.000000000
2309 0.000000000
2310 0.000000000
2311 0.000000000
2312 0.000000000
2313 0.000000000
2314 0.000000000
2315 0.000000000
2316 0.000000000
2317 0.000000000
2318 0.000000000
2319 0.000000000
2320 0.000000000
2321 0.000000000
2322 0.000000000
2323 0.000000000
2324 0.000000000
2325 0.000000000
2326 0.000000000
2327 0.000000000
2328 0.000000000
2329 0.000000000
2330 0.000000000
2331 0.000000000
2332 0.000000000
2333 0.000000000
2334 0.000000000
2335 0.000000000
2336 0.000000000
2337 0.000000000
2338 0.000000000
2339 0.000000000
2340 0.000000000
2341 0.000000000
2343 0.000000000
2344 0.000000000
2345 0.000000000
2346 0.000000000
2347 0.000000000
2349 0.000000000
2350 0.000000000
2351 0.000000000
2353 0.000000000
2354 0.000000000
2355 0.000000000
2356 0.000000000
2357 0.000000000
2358 0.000000000
2359 0.000000000
2360 0.000000000
2361 0.000000000
2362 0.000000000
2364 1.000000000
2365 0.000000000
2366 0.000000000
2367 0.000000000
2368 0.000000000
2369 0.000000000
2370 0.000000000
2371 0.000000000
2372 0.000000000
2373 0.000000000
2374 0.000000000
2375 0.000000000
2376 0.000000000
2378 1.000000000
2379 0.000000000
2380 0.000000000
2381 0.000000000
2382 0.000000000
2383 0.000000000
2384 0.000000000
2385 0.000000000
2386 0.000000000
2387 0.000000000
2388 0.000000000
2389 0.000000000
2391 0.000000000
2392 0.000000000
2393 0.000000000
2396 0.000000000
2397 0.000000000
2398 0.000000000
2400 0.000000000
2401 0.000000000
2402 0.000000000
2403 0.000000000
2405 0.000000000
2406 0.000000000
2407 0.000000000
2408 0.400000000
2409 0.400000000
2410 0.400000000
2411 0.400000000
2412 0.400000000
2413 0.000000000
2414 0.000000000
2415 0.000000000
2416 0.000000000
2417 0.000000000
2418 0.000000000
2419 0.000000000
2420 0.000000000
2421 0.000000000
2422 0.000000000
2423 0.000000000
2424 0.000000000
2425 0.000000000
2426 1.000000000
2427 0.000000000
2429 0.500000000
2430 0.500000000
2431 0.000000000
2432 0.000000000
2433 0.000000000
2434 1.000000000
2435 0.000000000
2436 0.000000000
2437 0.000000000
2438 0.000000000
2439 0.000000000
2440 0.000000000
2441 0.000000000
2442 0.000000000
2443 0.000000000
2444 0.000000000
2445 0.000000000
2446 0.000000000
2447 0.000000000
2448 0.000000000
2449 0.000000000
2450 0.000000000
2451 0.000000000
2452 0.000000000
2455 0.000000000
2456 0.000000000
2457 0.000000000
2458 1.000000000
2459 0.000000000
2460 0.000000000
2461 0.000000000
2462 0.000000000
2463 0.000000000
2464 0.000000000
2465 0.000000000
2466 0.000000000
2467 0.000000000
2468 0.000000000
2470 0.000000000
2471 0.000000000
2472 0.000000000
2473 0.000000000
2474 0.000000000
2475 0.000000000
2476 0.000000000
2477 0.000000000
2478 8.000000000
2479 0.000000000
2480 0.000000000
2481 0.000000000
2482 0.000000000
2483 0.000000000
2484 0.000000000
2485 0.000000000
2486 0.000000000
2487 0.000000000
2488 3.000000000
2489 0.000000000
2490 0.000000000
2491 0.000000000
2493 0.000000000
2494 4.000000000
2495 0.000000000
2496 4.000000000
2497 0.000000000
2498 0.000000000
2499 0.000000000
2500 0.000000000
2503 0.000000000
2504 0.000000000
2505 0.000000000
2507 0.000000000
2508 0.000000000
2509 0.000000000
2511 0.000000000
2512 0.000000000
2513 0.000000000
2514 0.000000000
2515 0.000000000
2516 0.000000000
2517 0.000000000
2518 0.000000000
2519 0.000000000
2520 0.000000000
2521 0.000000000
2522 0.000000000
2523 0.000000000
2524 0.000000000
2525 0.000000000
2526 0.000000000
2527 0.000000000
2528 0.000000000
2529 0.000000000
2530 5.000000000
2531 0.000000000
2532 0.000000000
2533 0.000000000
2534 0.000000000
2535 0.000000000
2536 0.000000000
2537 0.000000000
2538 0.000000000
2539 0.000000000
2540 0.000000000
2542 0.000000000
2543 0.000000000
2545 0.000000000
2546 0.000000000
2547 0.000000000
2548 0.000000000
2549 0.000000000
2550 0.000000000
2552 0.000000000
2553 9.000000000
2554 9.000000000
2555 0.000000000
2556 0.000000000
2557 0.000000000
2558 0.000000000
2559 0.000000000
2560 0.000000000
2562 0.000000000
2563 0.000000000
2564 0.000000000
2565 1.000000000
2566 0.000000000
2567 0.000000000
2568 0.000000000
2569 0.000000000
2570 0.000000000
2571 0.000000000
2572 0.000000000
2573 0.000000000
2574 0.000000000
2575 0.000000000
2576 0.000000000
2577 0.000000000
2578 0.000000000
2579 0.000000000
2580 0.000000000
2581 0.000000000
2582 0.000000000
2583 0.000000000
2584 0.000000000
2585 0.000000000
2586 0.000000000
2587 0.000000000
2588 0.000000000
2589 0.000000000
2590 0.000000000
2591 0.000000000
2592 0.000000000
2593 0.000000000
2594 0.000000000
2595 0.000000000
2596 0.000000000
2597 0.000000000
2598 0.000000000
2599 0.000000000
2600 0.000000000
2601 0.000000000
2602 0.000000000
2603 0.000000000
2604 0.000000000
2605 0.000000000
2606 0.000000000
2607 0.000000000
2608 0.000000000
2609 0.000000000
2610 0.000000000
2611 0.000000000
2612 0.000000000
2613 0.000000000
2614 0.000000000
2615 0.000000000
2616 0.000000000
2617 0.000000000
2618 0.000000000
2619 0.000000000
2620 0.000000000
2621 0.000000000
2622 0.000000000
2623 0.000000000
2624 0.000000000
2625 0.000000000
2626 0.000000000
2627 0.000000000
2628 0.000000000
2629 0.000000000
2630 0.000000000
2631 0.000000000
2632 0.000000000
2633 0.000000000
2634 0.000000000
2635 0.000000000
2636 0.000000000
2637 0.000000000
2638 0.000000000
2639 0.000000000
2640 0.000000000
2641 0.000000000
2642 0.000000000
2643 0.000000000
2644 0.000000000
2645 0.000000000
2646 0.000000000
2647 0.000000000
2648 0.000000000
2649 0.000000000
2650 0.000000000
2651 0.000000000
2652 0.000000000
2653 0.000000000
2655 0.000000000
2656 0.000000000
2657 0.000000000
2658 0.000000000
2659 0.000000000
2660 0.000000000
2661 0.000000000
2662 0.000000000
2663 0.000000000
2664 0.000000000
2665 0.000000000
2666 0.000000000
2667 0.000000000
2668 0.000000000
2669 0.000000000
2670 0.000000000
2671 0.000000000
2672 0.000000000
2673 0.000000000
2674 0.000000000
2675 0.000000000
2676 0.000000000
2677 0.000000000
2678 0.000000000
2679 0.000000000
2680 0.000000000
2681 0.000000000
2682 0.000000000
2683 0.000000000
2684 2.000000000
2685 0.000000000
2686 0.000000000
2687 0.000000000
2688 0.000000000
2689 0.000000000
2690 0.000000000
2691 0.000000000
2692 0.000000000
2693 0.000000000
2694 0.000000000
2695 0.000000000
2696 0.000000000
2697 0.000000000
2698 0.000000000
2699 0.000000000
2700 1.000000000
2701 0.000000000
2704 2.000000000
2705 2.000000000
2706 0.000000000
2707 0.000000000
2708 0.000000000
2709 0.000000000
2710 0.000000000
2711 0.000000000
2712 0.000000000
2713 0.000000000
2714 0.000000000
2715 0.000000000
2716 0.000000000
2717 0.000000000
2718 0.000000000
2719 0.000000000
2720 0.000000000
2721 0.000000000
2722 0.000000000
2723 0.000000000
2724 0.000000000
2725 0.000000000
2726 0.000000000
2727 0.000000000
2728 0.000000000
2729 0.000000000
2730 0.000000000
2731 0.000000000
2732 0.000000000
2733 0.000000000
2734 0.000000000
2735 0.500000000
2736 0.000000000
2737 12.500000000
2738 0.000000000
2739 0.000000000
2740 0.000000000
2741 0.000000000
2742 0.000000000
2743 0.000000000
2745 0.000000000
2746 0.000000000
2747 0.000000000
2748 3.000000000
2749 3.000000000
2750 0.000000000
2751 0.000000000
2752 0.000000000
2753 0.000000000
2755 0.000000000
2756 0.000000000
2757 0.000000000
2758 4.500000000
2759 0.000000000
2760 2.500000000
2761 0.000000000
2762 1.000000000
2763 0.000000000
2764 0.000000000
2765 0.000000000
2766 0.000000000
2767 0.000000000
2768 0.000000000
2769 0.000000000
2770 0.000000000
2771 0.000000000
2772 0.000000000
2773 0.142857143
2774 0.142857143
2775 0.142857143
2776 0.142857143
2777 0.142857143
2778 0.142857143
2779 0.142857143
2780 0.000000000
2781 0.000000000
2782 0.000000000
2783 0.000000000
2784 1.000000000
2785 0.000000000
2786 0.000000000
2787 0.000000000
2788 0.000000000
2789 0.000000000
2790 0.000000000
2791 0.000000000
2792 0.000000000
2793 0.000000000
2794 0.000000000
2796 0.000000000
2797 0.000000000
2798 0.000000000
