28510300 50.090064500

0 0.232611924
1 0.278440254
2 0.217777830
3 0.308749586
4 0.326051030
5 0.311380402
6 0.311018738
7 0.261045954
8 0.282208158
9 0.236802199
10 0.217355889
11 0.217355889
12 0.299530176
13 0.299029875
14 0.299029875
15 0.217872382
16 0.217872382
17 0.247157548
18 0.247157548
19 0.247157548
20 0.247157548
21 0.288379546
22 0.234593324
23 0.234593324
24 0.286877976
25 0.305504607
26 0.307462379
27 0.307462379
28 0.302218256
29 0.255825420
30 0.289530176
31 0.310888568
32 0.313278940
33 0.246615053
34 0.246615053
35 0.246615053
36 0.246615053
37 0.226797868
38 0.302140613
39 0.293912334
40 0.293912334
41 0.304204679
42 0.252136451
43 0.252136451
44 0.252136451
45 0.287486777
46 0.287486777
47 0.287486777
48 0.287486777
49 0.287486777
50 0.287486777
51 0.330975918
52 0.327540113
53 0.252317283
54 0.305418979
55 0.305418979
56 0.277578289
57 0.218963400
58 0.301716324
59 0.304157553
60 0.332166107
61 0.293008175
62 0.291862907
63 0.291862907
64 0.291862907
65 0.291862907
66 0.291862907
67 0.291862907
68 0.291862907
69 0.291862907
70 0.291862907
71 0.291862907
72 0.291862907
73 0.291862907
74 0.291862907
75 0.291862907
76 0.291862907
77 0.291862907
78 0.291862907
79 0.291862907
80 0.291862907
81 0.291862907
82 0.291862907
83 0.291862907
84 0.291862907
85 0.291862907
86 0.312611206
87 0.302135107
88 0.302135107
89 0.305298803
90 0.323559373
91 0.270569242
92 0.270569242
93 0.270569242
94 0.270569242
95 0.270569242
96 0.270569242
97 0.270569242
98 0.270569242
99 0.284544959
100 0.309665370
101 0.303266506
102 0.292405403
103 0.311851660
104 0.303369552
105 0.303369552
106 0.303369552
107 0.304514820
108 0.293189007
109 0.293430116
110 0.294515107
111 0.276865921
112 0.316010362
113 0.270930906
114 0.281198996
115 0.284521135
116 0.270930906
117 0.275861874
118 0.291209329
119 0.295245558
120 0.314157553
121 0.287354167
122 0.289403594
123 0.286341509
124 0.285377072
125 0.285377072
126 0.285377072
127 0.285377072
128 0.285377072
129 0.285377072
130 0.285377072
131 0.285377072
132 0.285377072
133 0.285377072
134 0.285377072
135 0.285377072
136 0.285377072
137 0.285377072
138 0.285377072
139 0.285377072
140 0.285377072
141 0.285377072
142 0.285377072
143 0.285377072
144 0.285377072
145 0.285377072
146 0.285377072
147 0.285377072
148 0.285377072
149 0.285377072
150 0.285377072
151 0.285377072
152 0.285377072
153 0.285377072
154 0.285377072
155 0.285377072
156 0.285377072
157 0.285377072
158 0.285377072
159 0.285377072
160 0.285377072
161 0.285377072
162 0.285377072
163 0.285377072
164 0.285377072
165 0.307367083
166 0.307367083
167 0.307367083
168 0.286311174
169 0.286311174
170 0.286311174
171 0.296308356
172 0.298565022
173 0.285377072
174 0.285377072
175 0.285919568
176 0.285919568
177 0.285919568
178 0.298065152
179 0.298065152
180 0.301849703
181 0.286834491
182 0.286653659
183 0.291167370
184 0.292404541
185 0.329964408
186 0.292804759
187 0.303633480
188 0.303633480
189 0.300191074
190 0.302153099
191 0.261051747
192 0.262452763
193 0.261051747
194 0.234359965
195 0.226903209
196 0.259846202
197 0.311013806
198 0.288263440
199 0.320590143
200 0.226903209
201 0.226903209
202 0.226903209
203 0.226903209
204 0.224926115
205 0.224926115
206 0.203643813
207 0.203282150
208 0.193115500
209 0.193115500
210 0.177488904
211 0.143943494
212 0.199657020
213 0.199657020
214 0.199657020
215 0.274713161
216 0.324286719
217 0.283018313
218 0.283018313
219 0.236072557
220 0.194987853
221 0.182734318
222 0.302154339
223 0.260591200
224 0.260591200
225 0.260591200
226 0.260591200
227 0.260591200
228 0.260591200
229 0.260772032
230 0.280429743
231 0.321383220
232 0.290741698
233 0.274691151
234 0.280025690
235 0.224824531
236 0.234330257
237 0.221961360
238 0.221961360
239 0.251912421
240 0.227885468
241 0.225656357
242 0.225656357
243 0.216285941
244 0.216285941
245 0.239831563
246 0.236650645
247 0.277706593
248 0.200718213
249 0.296368007
250 0.225150889
251 0.173949349
252 0.173949349
253 0.173949349
254 0.173949349
255 0.173949349
256 0.173949349
257 0.173949349
258 0.173949349
259 0.173949349
260 0.173949349
261 0.191949278
262 0.210348917
263 0.213773527
264 0.266809088
265 0.282588622
266 0.217014005
267 0.212264155
268 0.206351672
269 0.206351672
270 0.217696169
271 0.219323655
272 0.210082836
273 0.209721172
274 0.207732022
275 0.169907304
276 0.170630631
277 0.170630631
278 0.170630631
279 0.169183977
280 0.169183977
281 0.169183977
282 0.162924925
283 0.162924925
284 0.139893557
285 0.139893557
286 0.139893557
287 0.139893557
288 0.139893557
289 0.139893557
290 0.139893557
291 0.139893557
292 0.138567457
293 0.138567457
294 0.138567457
295 0.138567457
296 0.220087024
297 0.177090799
298 0.205664537
299 0.170168816
300 0.145351320
301 0.173760757
302 0.192622805
303 0.192622805
304 0.192622805
305 0.192080310
306 0.192080310
307 0.192080310
308 0.192080310
309 0.192080310
310 0.192080310
311 0.192080310
312 0.191537814
313 0.191537814
314 0.191537814
315 0.179571340
316 0.191356982
317 0.191356982
318 0.179390508
319 0.179390508
320 0.179390508
321 0.191356982
322 0.191356982
323 0.191356982
324 0.191356982
325 0.191356982
326 0.191356982
327 0.191356982
328 0.225870485
329 0.191356982
330 0.191356982
331 0.191356982
332 0.191356982
333 0.191356982
334 0.191356982
335 0.191356982
336 0.191356982
337 0.191356982
338 0.191356982
339 0.191356982
340 0.191718646
341 0.152220686
342 0.152220686
343 0.152220686
344 0.151376804
345 0.151376804
346 0.195491429
347 0.195491429
348 0.217298195
349 0.217298195
350 0.217298195
351 0.217298195
352 0.217298195
353 0.217298195
354 0.217298195
355 0.217659859
356 0.309284853
357 0.168735221
358 0.168735221
359 0.308137719
360 0.233839232
361 0.216704555
362 0.213836414
363 0.250385918
364 0.239399719
365 0.239399719
366 0.249571940
367 0.262102724
368 0.253991556
369 0.300134619
370 0.317394156
371 0.232162571
372 0.322154769
373 0.304304085
374 0.255676019
375 0.269660347
376 0.264023365
377 0.288018600
378 0.279855622
379 0.259511232
380 0.259511232
381 0.264304802
382 0.238456810
383 0.234469899
384 0.234469899
385 0.234469899
386 0.285842734
387 0.287771750
388 0.283438727
389 0.303427481
390 0.271566687
391 0.264108183
392 0.256549035
393 0.187824043
394 0.263607595
395 0.296550992
396 0.261005339
397 0.261005339
398 0.261005339
399 0.283942995
400 0.287758546
401 0.291435891
402 0.294842418
403 0.289253710
404 0.231137088
405 0.231137088
406 0.231137088
407 0.231137088
408 0.231137088
409 0.231137088
410 0.231137088
411 0.231137088
412 0.231137088
413 0.231137088
414 0.231137088
415 0.231137088
416 0.231137088
417 0.272970091
418 0.293001952
419 0.297821551
420 0.282270875
421 0.282270875
422 0.282270875
423 0.282270875
424 0.282270875
425 0.282270875
426 0.282270875
427 0.282270875
428 0.282270875
429 0.282270875
430 0.282270875
431 0.282270875
432 0.282270875
433 0.293155228
434 0.293155228
435 0.293155228
436 0.293155228
437 0.293155228
438 0.293155228
439 0.293155228
440 0.293155228
441 0.303522059
442 0.303522059
443 0.308326588
444 0.282270875
445 0.282270875
446 0.282270875
447 0.282270875
448 0.282270875
449 0.282270875
450 0.282270875
451 0.282270875
452 0.282270875
453 0.282270875
454 0.282270875
455 0.282270875
456 0.282270875
457 0.293878556
458 0.293878556
459 0.293878556
460 0.293878556
461 0.293878556
462 0.293878556
463 0.293878556
464 0.293878556
465 0.294390912
466 0.288684664
467 0.283265450
468 0.283265450
469 0.283265450
470 0.283265450
471 0.283265450
472 0.283265450
473 0.283265450
474 0.283265450
475 0.283265450
476 0.298816126
477 0.244211229
478 0.231137088
479 0.231137088
480 0.231137088
481 0.231137088
482 0.293685668
483 0.289900255
484 0.289900255
485 0.289900255
486 0.289900255
487 0.289900255
488 0.289900255
489 0.278835070
490 0.278835070
491 0.278835070
492 0.278835070
493 0.278835070
494 0.278835070
495 0.278835070
496 0.278835070
497 0.278835070
498 0.278835070
499 0.278835070
500 0.278835070
501 0.278835070
502 0.278835070
503 0.278835070
504 0.278835070
505 0.278835070
506 0.286297397
507 0.304975602
508 0.280796665
509 0.245575504
510 0.232746491
511 0.232234134
512 0.261752203
513 0.261752203
514 0.261752203
515 0.261752203
516 0.261752203
517 0.261752203
518 0.261752203
519 0.261752203
520 0.261752203
521 0.261752203
522 0.261752203
523 0.261752203
524 0.261752203
525 0.261752203
526 0.261752203
527 0.261752203
528 0.261752203
529 0.261752203
530 0.261752203
531 0.261752203
532 0.261752203
533 0.267335314
534 0.261933035
535 0.273527512
536 0.218188720
537 0.257597859
538 0.249380579
539 0.223769965
540 0.223769965
541 0.248896639
542 0.257597859
543 0.245613015
544 0.245613015
545 0.245613015
546 0.245613015
547 0.245613015
548 0.260826568
549 0.261738478
550 0.211482586
551 0.250223078
552 0.207685953
553 0.223104619
554 0.191559942
555 0.228685668
556 0.265076782
557 0.270183415
558 0.249531703
559 0.251858406
560 0.238833778
561 0.232145010
562 0.227853842
563 0.249679813
564 0.231535922
565 0.260296076
566 0.256442780
567 0.197291541
568 0.221123454
569 0.225521398
570 0.225521398
571 0.225521398
572 0.197231264
573 0.197231264
574 0.220825420
575 0.220825420
576 0.199320354
577 0.189628721
578 0.247774333
579 0.227889147
580 0.228069979
581 0.228069979
582 0.228069979
583 0.228250811
584 0.277677890
585 0.177831218
586 0.175477821
587 0.226295870
588 0.226295870
589 0.208651798
590 0.207594363
591 0.209194294
592 0.290287465
593 0.173121280
594 0.201954849
595 0.201593186
596 0.201593186
597 0.201593186
598 0.172578784
599 0.237172996
600 0.249017480
601 0.281946525
602 0.210826568
603 0.232090473
604 0.226135940
605 0.222127501
606 0.248931226
607 0.225516375
608 0.225516375
609 0.225516375
610 0.245374724
611 0.208651798
612 0.208651798
613 0.208832630
614 0.213537702
615 0.248032378
616 0.236527168
617 0.231102213
618 0.243375527
619 0.257484572
620 0.206871035
621 0.210607796
622 0.276177273
623 0.211729384
624 0.258171589
625 0.221000172
626 0.227341055
627 0.234987370
628 0.210532449
629 0.210532449
630 0.179226155
631 0.187315939
632 0.243867792
633 0.185468636
634 0.185468636
635 0.185468636
636 0.184926141
637 0.184926141
638 0.184166647
639 0.186846977
640 0.193286455
641 0.186666145
642 0.226191533
643 0.226191533
644 0.226191533
645 0.227596424
646 0.210665829
647 0.255033205
648 0.208609943
649 0.208609943
650 0.281911364
651 0.264523522
652 0.156674638
653 0.197939430
654 0.197939430
655 0.197939430
656 0.157090656
657 0.175914806
658 0.182265330
659 0.242363208
660 0.259376991
661 0.261909498
662 0.247222079
663 0.218602768
664 0.210216907
665 0.210216907
666 0.200660375
667 0.194575959
668 0.194027435
669 0.194027435
670 0.194027435
671 0.246391453
672 0.260478252
673 0.242984064
674 0.229898729
675 0.210354253
676 0.228246701
677 0.218510199
678 0.243327645
679 0.264739660
680 0.236064468
681 0.241424409
682 0.183742266
683 0.196008496
684 0.183742266
685 0.195373197
686 0.195373197
687 0.195373197
688 0.198403853
689 0.185980080
690 0.202967364
691 0.183145495
692 0.147872972
693 0.205125630
694 0.218272965
695 0.196792009
696 0.199495445
697 0.201418721
698 0.195596223
699 0.249656276
700 0.284120095
701 0.323085909
702 0.223291478
703 0.223291478
704 0.242441569
705 0.223291478
706 0.223291478
707 0.223291478
708 0.242441569
709 0.223291478
710 0.223291478
711 0.238917070
712 0.207986452
713 0.207986452
714 0.163660331
715 0.163660331
716 0.197684974
717 0.216790666
718 0.216609834
719 0.207323402
720 0.208541003
721 0.224125405
722 0.265888229
723 0.201468900
724 0.201288068
725 0.243142312
726 0.200239243
727 0.201468900
728 0.201468900
729 0.201468900
730 0.201468900
731 0.201468900
732 0.201468900
733 0.197503516
734 0.197503516
735 0.160144444
736 0.197428796
737 0.201677718
738 0.171833630
739 0.183985620
740 0.193857941
741 0.159482098
742 0.159301266
743 0.150923169
744 0.150923169
745 0.186363558
746 0.150923169
747 0.217996120
748 0.217996120
749 0.217996120
750 0.245204656
751 0.245747151
752 0.219924993
753 0.185358271
754 0.185358271
755 0.185358271
756 0.303810959
757 0.295080513
758 0.235441029
759 0.233500100
760 0.171804182
761 0.181189524
762 0.170634803
763 0.171382241
764 0.171201410
765 0.171201410
766 0.173910038
767 0.173910038
768 0.182255857
769 0.182255857
770 0.182255857
771 0.237039238
772 0.239842131
773 0.238184506
774 0.236496742
775 0.236496742
776 0.181845972
777 0.188743702
778 0.182207636
779 0.181845972
780 0.151679635
781 0.151137140
782 0.147121812
783 0.147121812
784 0.180607705
785 0.134624872
786 0.162543897
787 0.162182233
788 0.204767789
789 0.162182233
790 0.238026637
791 0.269830075
792 0.187948329
793 0.208243204
794 0.222615225
795 0.172170869
796 0.265478826
797 0.226958868
798 0.182777778
799 0.259998995
800 0.197247533
801 0.198875020
802 0.174920257
803 0.174739425
804 0.174739425
805 0.168177956
806 0.158045033
807 0.160436488
808 0.176391113
809 0.192967560
810 0.192967560
811 0.292294268
812 0.227643876
813 0.231100347
814 0.198512065
815 0.193982801
816 0.194440909
817 0.193801970
818 0.193329224
819 0.193208669
820 0.154796662
821 0.225636839
822 0.234275668
823 0.250534171
824 0.178888654
825 0.178888654
826 0.222842935
827 0.198720452
828 0.200570964
829 0.217008094
830 0.233507850
831 0.278173742
832 0.216405322
833 0.216405322
834 0.220918511
835 0.221521284
836 0.223558656
837 0.209407848
838 0.207780361
839 0.232738454
840 0.204489222
841 0.199817302
842 0.179077327
843 0.178715663
844 0.211631648
845 0.215358506
846 0.241130199
847 0.221231953
848 0.182021011
849 0.178691553
850 0.159108379
851 0.191237693
852 0.166630213
853 0.180069749
854 0.139945633
855 0.206706134
856 0.165035018
857 0.160395534
858 0.201251184
859 0.196718333
860 0.213811390
861 0.173480295
862 0.243743362
863 0.227110566
864 0.196802721
865 0.267401188
866 0.206248457
867 0.213399495
868 0.257987600
869 0.197031488
870 0.212969947
871 0.133450665
872 0.133269833
873 0.133269833
874 0.133089002
875 0.201114843
876 0.201114843
877 0.201114843
878 0.238221246
879 0.252170556
880 0.189114498
881 0.207186486
882 0.201265536
883 0.239306237
884 0.202712190
885 0.202712190
886 0.203984041
887 0.204261316
888 0.300889807
889 0.309744539
890 0.309081489
891 0.240994001
892 0.255231493
893 0.234425787
894 0.259695743
895 0.203073854
896 0.248418726
897 0.259701340
898 0.159822808
899 0.159822808
900 0.201657338
901 0.159641976
902 0.246693361
903 0.253233445
904 0.276705703
905 0.292865180
906 0.304943885
907 0.260955447
908 0.275161744
909 0.201415564
910 0.201415564
911 0.209696082
912 0.209696082
913 0.227339906
914 0.209997469
915 0.234016045
916 0.229845053
917 0.229845053
918 0.205655157
919 0.254635610
920 0.270176813
921 0.214185683
922 0.233505554
923 0.205500067
924 0.216804013
925 0.205319235
926 0.192961532
927 0.192961532
928 0.171422139
929 0.171422139
930 0.179358530
931 0.171221098
932 0.158677657
933 0.159400985
934 0.159400985
935 0.159400985
936 0.159400985
937 0.159400985
938 0.159400985
939 0.159400985
940 0.159400985
941 0.159400985
942 0.159400985
943 0.159400985
944 0.159400985
945 0.159400985
946 0.171422139
947 0.159400985
948 0.171422139
949 0.171422139
950 0.171422139
951 0.159400985
952 0.159400985
953 0.159220153
954 0.159400985
955 0.159400985
956 0.159400985
957 0.159400985
958 0.159400985
959 0.159220153
960 0.159220153
961 0.159220153
962 0.159400985
963 0.159400985
964 0.159400985
965 0.159400985
966 0.159400985
967 0.159400985
968 0.159400985
969 0.159400985
970 0.159400985
971 0.159400985
972 0.208007405
973 0.193045007
974 0.186879216
975 0.177833462
976 0.151985184
977 0.167708315
978 0.167708315
979 0.167889147
980 0.214458366
981 0.167527484
982 0.207067798
983 0.220492408
984 0.174260312
985 0.191167226
986 0.223363237
987 0.184799415
988 0.176334189
989 0.143593126
990 0.195775763
991 0.184424261
992 0.208062086
993 0.187601447
994 0.198354052
995 0.238754178
996 0.201038061
997 0.235572399
998 0.230698068
999 0.220031000
1000 0.207142570
1001 0.203918453
1002 0.249716266
1003 0.168528687
1004 0.210056742
1005 0.164306981
1006 0.145658771
1007 0.179384793
1008 0.186247453
1009 0.204798502
1010 0.163114665
1011 0.163114665
1012 0.154230943
1013 0.168966440
1014 0.187018141
1015 0.138651550
1016 0.209878637
1017 0.258693327
1018 0.211021321
1019 0.146459884
1020 0.146459884
1021 0.180309045
1022 0.146279052
1023 0.101309516
1024 0.089726133
1025 0.115792493
1026 0.101128684
1027 0.135130209
1028 0.134901156
1029 0.134901156
1030 0.162861070
1031 0.115274108
1032 0.134798684
1033 0.134479215
1034 0.136881134
1035 0.116674651
1036 0.165642527
1037 0.181854387
1038 0.165254769
1039 0.165254769
1040 0.218998014
1041 0.234387664
1042 0.234387664
1043 0.234387664
1044 0.234387664
1045 0.234387664
1046 0.218998014
1047 0.218998014
1048 0.286607825
1049 0.286258216
1050 0.232534855
1051 0.239811614
1052 0.227121956
1053 0.288962083
1054 0.257685496
1055 0.225291966
1056 0.219042505
1057 0.219946664
1058 0.216088918
1059 0.216088918
1060 0.216088918
1061 0.216088918
1062 0.273778237
1063 0.274893367
1064 0.221277500
1065 0.209848067
1066 0.261324952
1067 0.209848067
1068 0.209848067
1069 0.209667236
1070 0.209305572
1071 0.298205172
1072 0.255036936
1073 0.255217768
1074 0.248547944
1075 0.248547944
1076 0.248547944
1077 0.248547944
1078 0.248547944
1079 0.248547944
1080 0.248547944
1081 0.248547944
1082 0.248909608
1083 0.249837878
1084 0.255442373
1085 0.278088062
1086 0.280860817
1087 0.289530698
1088 0.262814427
1089 0.262814427
1090 0.277694733
1091 0.186126924
1092 0.186126924
1093 0.223251868
1094 0.259875140
1095 0.274131720
1096 0.227230168
1097 0.245190213
1098 0.245190213
1099 0.245009381
1100 0.225705153
1101 0.242869538
1102 0.222088516
1103 0.255896840
1104 0.255896840
1105 0.255896840
1106 0.262135538
1107 0.245029186
1108 0.225680181
1109 0.236228273
1110 0.234962451
1111 0.234962451
1112 0.218871432
1113 0.217020920
1114 0.217020920
1115 0.217020920
1116 0.251312035
1117 0.248939263
1118 0.214804438
1119 0.279409570
1120 0.271249749
1121 0.252164528
1122 0.291186027
1123 0.263817561
1124 0.263817561
1125 0.252164528
1126 0.262603404
1127 0.250950372
1128 0.251312035
1129 0.251312035
1130 0.251312035
1131 0.251312035
1132 0.251312035
1133 0.251312035
1134 0.251312035
1135 0.265453945
1136 0.265453945
1137 0.262936077
1138 0.232510457
1139 0.249198364
1140 0.249198364
1141 0.249198364
1142 0.249921692
1143 0.235654778
1144 0.235473946
1145 0.179121844
1146 0.190875364
1147 0.190875364
1148 0.190875364
1149 0.229683453
1150 0.229683453
1151 0.229683453
1152 0.229683453
1153 0.229683453
1154 0.229683453
1155 0.229683453
1156 0.229683453
1157 0.229683453
1158 0.226356147
1159 0.226356147
1160 0.226356147
1161 0.213166618
1162 0.213166618
1163 0.213166618
1164 0.213166618
1165 0.213166618
1166 0.246420104
1167 0.260938890
1168 0.238891472
1169 0.307958466
1170 0.255078073
1171 0.216333328
1172 0.276669393
1173 0.205343633
1174 0.231963226
1175 0.239124831
1176 0.216658108
1177 0.238516031
1178 0.271381550
1179 0.240599237
1180 0.232415110
1181 0.237529832
1182 0.237529832
1183 0.237529832
1184 0.237529832
1185 0.286970780
1186 0.277604983
1187 0.246755934
1188 0.242723385
1189 0.248711501
1190 0.223052666
1191 0.223052666
1192 0.223052666
1193 0.223052666
1194 0.223052666
1195 0.234939149
1196 0.277127501
1197 0.231777749
1198 0.232139413
1199 0.247009099
1200 0.231777749
1201 0.231777749
1202 0.232139413
1203 0.177393947
1204 0.177393947
1205 0.272165155
1206 0.272165155
1207 0.272165155
1208 0.272165155
1209 0.272165155
1210 0.272165155
1211 0.272165155
1212 0.271080164
1213 0.271080164
1214 0.271080164
1215 0.271080164
1216 0.271080164
1217 0.271080164
1218 0.271080164
1219 0.271080164
1220 0.271080164
1221 0.271080164
1222 0.271080164
1223 0.271080164
1224 0.271080164
1225 0.283526795
1226 0.199886073
1227 0.199886073
1228 0.199886073
1229 0.199886073
1230 0.199886073
1231 0.199886073
1232 0.215015839
1233 0.171367290
1234 0.227533942
1235 0.174839313
1236 0.174839313
1237 0.142708224
1238 0.209900255
1239 0.174598204
1240 0.174973606
1241 0.174973606
1242 0.205764517
1243 0.205402853
1244 0.228874681
1245 0.265708402
1246 0.175135389
1247 0.227356985
1248 0.180396734
1249 0.204170235
1250 0.147302214
1251 0.147121382
1252 0.182142192
1253 0.147121382
1254 0.163528139
1255 0.147121382
1256 0.176444985
1257 0.294624415
1258 0.283802348
1259 0.302358133
1260 0.291397285
1261 0.269570883
1262 0.276599214
1263 0.280661902
1264 0.275152559
1265 0.265701082
1266 0.233529378
1267 0.260010907
1268 0.279251844
1269 0.259311691
1270 0.243155659
1271 0.233565544
1272 0.233167714
1273 0.233167714
1274 0.233167714
1275 0.295908321
1276 0.258763168
1277 0.257292402
1278 0.270316169
1279 0.253748098
1280 0.259884325
1281 0.228164700
1282 0.267513275
1283 0.217618669
1284 0.280814891
1285 0.231895864
1286 0.231172537
1287 0.231172537
1288 0.241499756
1289 0.223156520
1290 0.249751715
1291 0.211407044
1292 0.233097247
1293 0.268797181
1294 0.216705703
1295 0.238751112
1296 0.245936307
1297 0.270372571
1298 0.238570280
1299 0.244429232
1300 0.244115790
1301 0.237497345
1302 0.235075921
1303 0.235075921
1304 0.240366543
1305 0.240366543
1306 0.229749993
1307 0.229749993
1308 0.229749993
1309 0.244459370
1310 0.229749993
1311 0.222939522
1312 0.222276472
1313 0.224645369
1314 0.285811877
1315 0.221394036
1316 0.221394036
1317 0.247315221
1318 0.233402991
1319 0.233402991
1320 0.252542553
1321 0.263912139
1322 0.251379397
1323 0.251679635
1324 0.251679635
1325 0.225793220
1326 0.186741491
1327 0.179472483
1328 0.185326841
1329 0.150213749
1330 0.211423261
1331 0.231402021
1332 0.191353277
1333 0.253731020
1334 0.247501794
1335 0.194978525
1336 0.289859927
1337 0.240145383
1338 0.227593789
1339 0.219229168
1340 0.227593789
1341 0.227593789
1342 0.227593789
1343 0.230740262
1344 0.230740262
1345 0.230740262
1346 0.230559431
1347 0.210259101
1348 0.210259101
1349 0.230378599
1350 0.230378599
1351 0.230378599
1352 0.226364132
1353 0.170419005
1354 0.220530297
1355 0.212282643
1356 0.221205546
1357 0.221205546
1358 0.213060220
1359 0.213241052
1360 0.197418032
1361 0.194897150
1362 0.194897150
1363 0.194897150
1364 0.232025656
1365 0.199225489
1366 0.190581441
1367 0.190581441
1368 0.196801429
1369 0.180094487
1370 0.178488097
1371 0.221538219
1372 0.232008238
1373 0.191346532
1374 0.171485626
1375 0.140409468
1376 0.188497974
1377 0.232200460
1378 0.226793588
1379 0.226793588
1380 0.241626534
1381 0.257804094
1382 0.226172732
1383 0.226172732
1384 0.226172732
1385 0.232200460
1386 0.226172732
1387 0.226172732
1388 0.228161882
1389 0.224742439
1390 0.224742439
1391 0.224742439
1392 0.220233698
1393 0.220233698
1394 0.220233698
1395 0.220233698
1396 0.220233698
1397 0.220233698
1398 0.220233698
1399 0.174893680
1400 0.175797839
1401 0.175797839
1402 0.175797839
1403 0.175797839
1404 0.175797839
1405 0.175617007
1406 0.175617007
1407 0.175617007
1408 0.175617007
1409 0.175617007
1410 0.209829841
1411 0.164582821
1412 0.196036821
1413 0.205711611
1414 0.205711611
1415 0.205711611
1416 0.205711611
1417 0.210264698
1418 0.253532392
1419 0.221889601
1420 0.172242797
1421 0.265982233
1422 0.222659715
1423 0.222659715
1424 0.280037223
1425 0.247177066
1426 0.246815403
1427 0.246815403
1428 0.246815403
1429 0.246815403
1430 0.246815403
1431 0.251364132
1432 0.241888975
1433 0.241888975
1434 0.239486978
1435 0.239486978
1436 0.239486978
1437 0.239486978
1438 0.288146187
1439 0.286940641
1440 0.288079882
1441 0.252592066
1442 0.224685032
1443 0.224685032
1444 0.224685032
1445 0.234757795
1446 0.243604725
1447 0.267655358
1448 0.250723471
1449 0.276844198
1450 0.244907340
1451 0.244907340
1452 0.244907340
1453 0.259515538
1454 0.259274429
1455 0.259274429
1456 0.259274429
1457 0.259274429
1458 0.259274429
1459 0.268380172
1460 0.263511921
1461 0.279792239
1462 0.280648607
1463 0.250532501
1464 0.250532501
1465 0.250532501
1466 0.285248624
1467 0.264547255
1468 0.206055479
1469 0.217730469
1470 0.242643498
1471 0.184458535
1472 0.184458535
1473 0.184458535
1474 0.213968685
1475 0.199497598
1476 0.221595052
1477 0.238894056
1478 0.236086713
1479 0.231711157
1480 0.179896955
1481 0.216393410
1482 0.185610666
1483 0.172013457
1484 0.140822524
1485 0.140822524
1486 0.168924390
1487 0.214450094
1488 0.262618043
1489 0.247534803
1490 0.243674474
1491 0.247534803
1492 0.247534803
1493 0.247534803
1494 0.242423486
1495 0.219475927
1496 0.237857717
1497 0.217524235
1498 0.217524235
1499 0.219475927
1500 0.217524235
1501 0.243493642
1502 0.229109527
1503 0.217343403
1504 0.209127610
1505 0.229109527
1506 0.229109527
1507 0.229109527
1508 0.217343403
1509 0.217343403
1510 0.217343403
1511 0.217343403
1512 0.217343403
1513 0.217343403
1514 0.217343403
1515 0.217343403
1516 0.217343403
1517 0.217343403
1518 0.217343403
1519 0.191691091
1520 0.264230030
1521 0.273729728
1522 0.199754494
1523 0.199754494
1524 0.247384736
1525 0.199573662
1526 0.199573662
1527 0.185501189
1528 0.180472603
1529 0.146129677
1530 0.176693361
1531 0.179356468
1532 0.177734005
1533 0.146129677
1534 0.176616292
1535 0.182671575
1536 0.176435460
1537 0.205707684
1538 0.162001832
1539 0.162001832
1540 0.274832802
1541 0.200560487
1542 0.200560487
1543 0.216022900
1544 0.248106719
1545 0.245231493
1546 0.245231493
1547 0.203962422
1548 0.200560487
1549 0.200560487
1550 0.162125139
1551 0.206111685
1552 0.162667635
1553 0.162305971
1554 0.162486803
1555 0.162486803
1556 0.251863572
1557 0.163503714
1558 0.177453911
1559 0.177634743
1560 0.177634743
1561 0.228901571
1562 0.228840432
1563 0.259653119
1564 0.219711869
1565 0.219109097
1566 0.175118571
1567 0.175118571
1568 0.175118571
1569 0.155535776
1570 0.155716608
1571 0.155535776
1572 0.199427275
1573 0.261957863
1574 0.219226494
1575 0.200503224
1576 0.205737014
1577 0.225807624
1578 0.234703258
1579 0.205737014
1580 0.205737014
1581 0.205737014
1582 0.236735268
1583 0.205978123
1584 0.248019030
1585 0.248019030
1586 0.213889319
1587 0.200722088
1588 0.200902920
1589 0.200722088
1590 0.200541256
1591 0.200541256
1592 0.200541256
1593 0.200541256
1594 0.200541256
1595 0.257975884
1596 0.205857568
1597 0.205676736
1598 0.205676736
1599 0.227311112
1600 0.227311112
1601 0.252986074
1602 0.201993938
1603 0.201993938
1604 0.216893763
1605 0.218371796
1606 0.215779208
1607 0.215960040
1608 0.215960040
1609 0.241756221
1610 0.241937053
1611 0.241937053
1612 0.241937053
1613 0.241937053
1614 0.204786016
1615 0.187168547
1616 0.236098482
1617 0.193744850
1618 0.155851827
1619 0.193721313
1620 0.156575155
1621 0.196035960
1622 0.195855128
1623 0.155851827
1624 0.155851827
1625 0.155851827
1626 0.155851827
1627 0.192455490
1628 0.155490164
1629 0.158350608
1630 0.268002004
1631 0.206350094
1632 0.229951543
1633 0.269435599
1634 0.217955622
1635 0.232319292
1636 0.224462580
1637 0.213286860
1638 0.213719421
1639 0.213900253
1640 0.221766320
1641 0.208609774
1642 0.227873413
1643 0.224428136
1644 0.212583194
1645 0.212583194
1646 0.212764026
1647 0.288838658
1648 0.284324086
1649 0.270729264
1650 0.223554115
1651 0.223192452
1652 0.223192452
1653 0.199416485
1654 0.204247878
1655 0.171546295
1656 0.239154161
1657 0.180363281
1658 0.235432470
1659 0.180604391
1660 0.146054999
1661 0.268770918
1662 0.246388008
1663 0.248799099
1664 0.208466283
1665 0.232894940
1666 0.277208875
1667 0.211047872
1668 0.211047872
1669 0.211047872
1670 0.215820110
1671 0.266148191
1672 0.266329023
1673 0.246207176
1674 0.200395012
1675 0.200756676
1676 0.221925768
1677 0.221925768
1678 0.221925768
1679 0.221925768
1680 0.232533276
1681 0.232533276
1682 0.232533276
1683 0.232533276
1684 0.232533276
1685 0.232533276
1686 0.232533276
1687 0.232533276
1688 0.232533276
1689 0.233148105
1690 0.220177961
1691 0.207921634
1692 0.246167566
1693 0.209430719
1694 0.211403508
1695 0.211403508
1696 0.210026603
1697 0.208019370
1698 0.208381033
1699 0.208019370
1700 0.208019370
1701 0.206150748
1702 0.190126491
1703 0.164144232
1704 0.146741909
1705 0.167904986
1706 0.181695566
1707 0.167904986
1708 0.216612182
1709 0.218060559
1710 0.169359652
1711 0.169359652
1712 0.178418061
1713 0.175308875
1714 0.174573493
1715 0.174392661
1716 0.144902030
1717 0.144902030
1718 0.201176464
1719 0.171342513
1720 0.196031942
1721 0.209555148
1722 0.164308560
1723 0.164308560
1724 0.164308560
1725 0.172373372
1726 0.172373372
1727 0.153693731
1728 0.192159557
1729 0.185943822
1730 0.184130768
1731 0.149212116
1732 0.149212116
1733 0.149212116
1734 0.149212116
1735 0.149212116
1736 0.156887396
1737 0.156887396
1738 0.156706564
1739 0.156706564
1740 0.146222820
1741 0.123178374
1742 0.123359206
1743 0.123359206
1744 0.138691882
1745 0.138691882
1746 0.117811447
1747 0.169397827
1748 0.140729254
1749 0.155223196
1750 0.167593815
1751 0.167593815
1752 0.170766122
1753 0.167955478
1754 0.169113663
1755 0.167593815
1756 0.137685682
1757 0.137685682
1758 0.111421417
1759 0.111421417
1760 0.130294396
1761 0.111602248
1762 0.111602248
1763 0.111602248
1764 0.150235251
1765 0.182259158
1766 0.130215462
1767 0.130871192
1768 0.180242453
1769 0.179154018
1770 0.178973186
1771 0.147637300
1772 0.147637300
1773 0.113554580
1774 0.116947611
1775 0.101462709
1776 0.113554580
1777 0.098937881
1778 0.108217609
1779 0.108217609
1780 0.121482938
1781 0.170315164
1782 0.140568237
1783 0.217787015
1784 0.241485169
1785 0.241485169
1786 0.228981223
1787 0.228800391
1788 0.229041500
1789 0.210866466
1790 0.231922415
1791 0.235572399
1792 0.235572399
1793 0.235572399
1794 0.235572399
1795 0.209331979
1796 0.202178906
1797 0.178429112
1798 0.183678832
1799 0.177428509
1800 0.207336175
1801 0.184905331
1802 0.184061449
1803 0.164339272
1804 0.165183154
1805 0.164821491
1806 0.164821491
1807 0.184948386
1808 0.184948386
1809 0.201877520
1810 0.159535751
1811 0.175602512
1812 0.196066503
1813 0.155851243
1814 0.167728460
1815 0.167728460
1816 0.136115602
1817 0.136115602
1818 0.173419300
1819 0.162265330
1820 0.148371692
1821 0.148371692
1822 0.148371692
1823 0.134016828
1824 0.133835996
1825 0.133835996
1826 0.161456609
1827 0.205128931
1828 0.161456609
1829 0.161456609
1830 0.204586435
1831 0.210406872
1832 0.189220153
1833 0.189220153
1834 0.189220153
1835 0.189220153
1836 0.189220153
1837 0.186063489
1838 0.186063489
1839 0.162561380
1840 0.162561380
1841 0.162561380
1842 0.162561380
1843 0.162561380
1844 0.162561380
1845 0.162561380
1846 0.162561380
1847 0.164656041
1848 0.164836873
1849 0.164836873
1850 0.180301243
1851 0.159720885
1852 0.159479776
1853 0.136216205
1854 0.159479776
1855 0.132484157
1856 0.194033411
1857 0.186711157
1858 0.185995149
1859 0.165462413
1860 0.195283734
1861 0.154900973
1862 0.180164327
1863 0.145574643
1864 0.180164327
1865 0.170479778
1866 0.170298947
1867 0.172095209
1868 0.172095209
1869 0.172095209
1870 0.164651253
1871 0.186204397
1872 0.195258331
1873 0.190799966
1874 0.172484141
1875 0.152530497
1876 0.152530497
1877 0.198751399
1878 0.190916358
1879 0.171780906
1880 0.171961738
1881 0.174905279
1882 0.193252390
1883 0.182526335
1884 0.162533368
1885 0.162352536
1886 0.154650105
1887 0.215472172
1888 0.176054135
1889 0.187345934
1890 0.181760814
1891 0.169411435
1892 0.207131232
1893 0.171147995
1894 0.149370533
1895 0.168240334
1896 0.168240334
1897 0.161780476
1898 0.197280347
1899 0.184033841
1900 0.188086197
1901 0.183891472
1902 0.178888458
1903 0.181363271
1904 0.181604380
1905 0.184789891
1906 0.160102328
1907 0.150709550
1908 0.170792933
1909 0.163268751
1910 0.187839060
1911 0.166589454
1912 0.163823589
1913 0.183840237
1914 0.183441545
1915 0.150922242
1916 0.136589741
1917 0.136589741
1918 0.155637360
1919 0.149802664
1920 0.126099708
1921 0.150604064
1922 0.150423233
1923 0.182726399
1924 0.164338385
1925 0.135590482
1926 0.173104136
1927 0.184221849
1928 0.209721289
1929 0.209721289
1930 0.169525532
1931 0.206204450
1932 0.206204450
1933 0.140560722
1934 0.129067320
1935 0.129067320
1936 0.155216998
1937 0.130002479
1938 0.131604132
1939 0.155096444
1940 0.111262039
1941 0.153522346
1942 0.153522346
1943 0.133688695
1944 0.162325268
1945 0.162144436
1946 0.133869527
1947 0.134050359
1948 0.134050359
1949 0.133869527
1950 0.133327032
1951 0.161421109
1952 0.133688695
1953 0.148058550
1954 0.148058550
1955 0.148058550
1956 0.148058550
1957 0.147117742
1958 0.123903619
1959 0.225348460
1960 0.171039352
1961 0.171039352
1962 0.171039352
1963 0.183092511
1964 0.171220184
1965 0.171220184
1966 0.174680817
1967 0.177000919
1968 0.178814403
1969 0.185282442
1970 0.201898878
1971 0.181934183
1972 0.215224892
1973 0.184203479
1974 0.171220184
1975 0.192102385
1976 0.171515543
1977 0.171696375
1978 0.171515543
1979 0.171515543
1980 0.172238870
1981 0.171515543
1982 0.171515543
1983 0.171220184
1984 0.173778524
1985 0.180862252
1986 0.174673929
1987 0.171220184
1988 0.184884612
1989 0.171220184
1990 0.172940670
1991 0.172940670
1992 0.186048681
1993 0.172033927
1994 0.186573093
1995 0.171280462
1996 0.171491432
1997 0.171220184
1998 0.188112891
1999 0.171509515
2000 0.171220184
2001 0.171220184
2002 0.210982950
2003 0.184703780
2004 0.171310600
2005 0.209484629
2006 0.219533712
2007 0.144962451
2008 0.147820689
2009 0.147820689
2010 0.147820689
2011 0.147820689
2012 0.172649760
2013 0.172830592
2014 0.141407383
2015 0.183025776
2016 0.228231005
2017 0.234966417
2018 0.203865639
2019 0.161083778
2020 0.161083778
2021 0.161083778
2022 0.167666917
2023 0.181117282
2024 0.201279170
2025 0.180936451
2026 0.180936451
2027 0.180936451
2028 0.180936451
2029 0.181117282
2030 0.181237837
2031 0.203498378
2032 0.157783088
2033 0.157722811
2034 0.157722811
2035 0.162149172
2036 0.162390281
2037 0.178754413
2038 0.191661409
2039 0.191587445
2040 0.124572710
2041 0.124572710
2042 0.149039347
2043 0.124391878
2044 0.148074911
2045 0.147532415
2046 0.147532415
2047 0.147954356
2048 0.147954356
2049 0.147954356
2050 0.147140613
2051 0.108749667
2052 0.108749667
2053 0.108749667
2054 0.109111331
2055 0.126802969
2056 0.108568835
2057 0.108568835
2058 0.108207172
2059 0.123602246
2060 0.141104418
2061 0.119270697
2062 0.140515853
2063 0.140515853
2064 0.140515853
2065 0.183227757
2066 0.148311714
2067 0.134194294
2068 0.114544372
2069 0.170666834
2070 0.175526630
2071 0.143146630
2072 0.142965799
2073 0.142965799
2074 0.217243946
2075 0.215361285
2076 0.201543985
2077 0.194543811
2078 0.195273166
2079 0.195042103
2080 0.203236081
2081 0.196637154
2082 0.156147904
2083 0.121330452
2084 0.104877807
2085 0.142899193
2086 0.121149620
2087 0.120968788
2088 0.120968788
2089 0.173649711
2090 0.142115589
2091 0.158090241
2092 0.158090241
2093 0.171257264
2094 0.173016799
2095 0.152726894
2096 0.155459308
2097 0.155459308
2098 0.155459308
2099 0.155459308
2100 0.155278476
2101 0.155278476
2102 0.155278476
2103 0.155820971
2104 0.155820971
2105 0.155820971
2106 0.155820971
2107 0.157463814
2108 0.157463814
2109 0.157463814
2110 0.129072177
2111 0.154494871
2112 0.154494871
2113 0.154494871
2114 0.144413304
2115 0.178754896
2116 0.151045289
2117 0.151045289
2118 0.175432757
2119 0.171987050
2120 0.150864457
2121 0.148977922
2122 0.205199972
2123 0.202628428
2124 0.161717237
2125 0.141125179
2126 0.142330724
2127 0.141969061
2128 0.141969061
2129 0.152371389
2130 0.152552221
2131 0.152552221
2132 0.152552221
2133 0.146960642
2134 0.174799846
2135 0.127133205
2136 0.205978358
2137 0.200356210
2138 0.171414415
2139 0.164292225
2140 0.164292225
2141 0.173343001
2142 0.132164531
2143 0.132164531
2144 0.159526589
2145 0.132164531
2146 0.132164531
2147 0.132164531
2148 0.132164531
2149 0.141196413
2150 0.141196413
2151 0.141437522
2152 0.141256690
2153 0.119670200
2154 0.186833747
2155 0.186833747
2156 0.186833747
2157 0.186833747
2158 0.165568811
2159 0.165568811
2160 0.165568811
2161 0.165568811
2162 0.165568811
2163 0.165568811
2164 0.165568811
2165 0.165568811
2166 0.165568811
2167 0.169838165
2168 0.168934006
2169 0.139408891
2170 0.139710278
2171 0.140071941
2172 0.118995082
2173 0.118995082
2174 0.173255456
2175 0.172712960
2176 0.141114895
2177 0.141476558
2178 0.141476558
2179 0.141476558
2180 0.141476558
2181 0.079120319
2182 0.079120319
2183 0.079120319
2184 0.087976218
2185 0.087976218
2186 0.079120319
2187 0.099013972
2188 0.110093199
2189 0.110093199
2190 0.110093199
2191 0.118715742
2192 0.117570474
2193 0.124938301
2194 0.110316225
2195 0.112546484
2196 0.110906942
2197 0.110093199
2198 0.109550703
2199 0.096265328
2200 0.122566507
2201 0.105111521
2202 0.108979482
2203 0.109100037
2204 0.105786626
2205 0.108798651
2206 0.098411199
2207 0.098953694
2208 0.095314573
2209 0.097748149
2210 0.097928981
2211 0.097748149
2212 0.100992902
2213 0.100992902
2214 0.100812070
2215 0.100812070
2216 0.100812070
2217 0.100812070
2218 0.100812070
2219 0.114811218
2220 0.100812070
2221 0.089000121
2222 0.113304286
2223 0.131607423
2224 0.156375496
2225 0.155814917
2226 0.129234351
2227 0.110894599
2228 0.129234351
2229 0.154407182
2230 0.110894599
2231 0.153924964
2232 0.192020776
2233 0.191478281
2234 0.191986162
2235 0.191986162
2236 0.191986162
2237 0.191986162
2238 0.191986162
2239 0.191986162
2240 0.191986162
2241 0.191986162
2242 0.191986162
2243 0.191986162
2244 0.191986162
2245 0.191986162
2246 0.001265823
2247 0.001265823
2248 0.001446655
2249 0.001265823
2250 0.000904159
2251 0.001265823
2252 0.001627486
2253 0.001265823
2254 0.001265823
2255 0.001265823
2256 0.001627486
2257 0.000361664
2258 0.000361664
2259 0.000361664
2260 0.000361664
2261 0.000361664
2262 0.000361664
2263 0.000361664
2264 0.000361664
2265 0.001084991
2266 0.001084991
2267 0.001084991
2268 0.001084991
2269 0.000361664
2270 0.000361664
2271 0.000361664
2272 0.000361664
2273 0.000361664
2274 0.000361664
2278 0.000361664
2279 0.000361664
2281 0.000723327
2282 0.000723327
2283 0.000723327
2284 0.001084991
2285 0.001084991
2286 0.001084991
2287 0.001084991
2288 0.000723327
2289 0.000723327
2290 0.000723327
2291 0.000361664
2292 0.000361664
2293 0.000361664
2294 0.000361664
2295 0.000361664
2296 0.000361664
2297 0.000361664
2298 0.000361664
2299 0.001446655
2300 0.001446655
2301 0.001446655
2302 0.001446655
2303 0.001446655
2304 0.000361664
2305 0.000361664
2306 0.002169982
2307 0.002169982
2308 0.002169982
2309 0.002169982
2310 0.002169982
2311 0.002169982
2312 0.002169982
2313 0.000361664
2314 0.000361664
2315 0.000723327
2316 0.000723327
2317 0.000723327
2318 0.000361664
2319 0.000361664
2320 0.001084991
2321 0.001084991
2322 0.001084991
2323 0.001084991
2324 0.001446655
2325 0.001446655
2326 0.001446655
2327 0.001446655
2328 0.001446655
2329 0.000361664
2330 0.000361664
2331 0.000361664
2332 0.000361664
2333 0.000361664
2334 0.000361664
2335 0.000723327
2336 0.000723327
2337 0.000723327
2338 0.000361664
2339 0.000361664
2340 0.000361664
2341 0.000361664
2343 0.001446655
2344 0.001446655
2345 0.001446655
2346 0.001446655
2347 0.001446655
2349 0.000723327
2350 0.000723327
2351 0.000723327
2353 0.001084991
2354 0.001084991
2355 0.001084991
2356 0.001084991
2357 0.000361664
2358 0.000361664
2359 0.001084991
2360 0.001084991
2361 0.001084991
2362 0.001084991
2364 0.000723327
2365 0.000542495
2366 0.000542495
2367 0.000361664
2368 0.000361664
2369 0.000723327
2370 0.000723327
2371 0.000723327
2372 0.000723327
2373 0.000723327
2374 0.000723327
2375 0.000361664
2376 0.000361664
2378 0.000723327
2379 0.000542495
2380 0.000542495
2381 0.000723327
2382 0.000723327
2383 0.000723327
2384 0.000361664
2385 0.000361664
2386 0.000361664
2387 0.000361664
2388 0.000361664
2389 0.000361664
2391 0.000723327
2392 0.000723327
2393 0.000723327
2396 0.000723327
2397 0.000723327
2398 0.000723327
2400 0.000361664
2401 0.000361664
2402 0.000361664
2403 0.000361664
2405 0.000723327
2406 0.000723327
2407 0.000723327
2408 0.002531646
2409 0.002531646
2410 0.002531646
2411 0.002531646
2412 0.002531646
2413 0.002169982
2414 0.002350814
2415 0.002350814
2416 0.000361664
2417 0.000361664
2418 0.000361664
2419 0.000361664
2420 0.001446655
2421 0.001446655
2422 0.001446655
2423 0.001446655
2424 0.001446655
2425 0.000542495
2426 0.000723327
2427 0.000542495
2429 0.001084991
2430 0.001084991
2431 0.000904159
2432 0.000904159
2433 0.000542495
2434 0.000723327
2435 0.000542495
2436 0.003254973
2437 0.003254973
2438 0.003254973
2439 0.003254973
2440 0.003254973
2441 0.003254973
2442 0.003254973
2443 0.003254973
2444 0.003254973
2445 0.003254973
2446 0.000723327
2447 0.000723327
2448 0.000723327
2449 0.000361664
2450 0.000361664
2451 0.000361664
2452 0.000361664
2455 0.000361664
2456 0.000361664
2457 0.000542495
2458 0.000723327
2459 0.000542495
2460 0.002893309
2461 0.002893309
2462 0.002893309
2463 0.002893309
2464 0.002893309
2465 0.002893309
2466 0.002893309
2467 0.002893309
2468 0.002893309
2470 0.001084991
2471 0.001084991
2472 0.001084991
2473 0.001084991
2474 0.001808318
2475 0.001808318
2476 0.001808318
2477 0.001808318
2478 0.002169982
2479 0.001446655
2480 0.001446655
2481 0.000723327
2482 0.000723327
2483 0.000723327
2484 0.001084991
2485 0.001084991
2486 0.001084991
2487 0.001084991
2488 0.001084991
2489 0.000723327
2490 0.000723327
2491 0.000723327
2493 0.001024714
2494 0.001627486
2495 0.001024714
2496 0.001627486
2497 0.001446655
2498 0.001446655
2499 0.000361664
2500 0.000361664
2503 0.000723327
2504 0.000723327
2505 0.000723327
2507 0.000723327
2508 0.000723327
2509 0.000723327
2511 0.000723327
2512 0.000723327
2513 0.000723327
2514 0.003254973
2515 0.003254973
2516 0.003254973
2517 0.003254973
2518 0.003254973
2519 0.003254973
2520 0.003254973
2521 0.003254973
2522 0.003254973
2523 0.003254973
2524 0.000361664
2525 0.000361664
2526 0.000723327
2527 0.000723327
2528 0.000723327
2529 0.000904159
2530 0.001446655
2531 0.000904159
2532 0.001084991
2533 0.001084991
2534 0.001084991
2535 0.001084991
2536 0.001084991
2537 0.001084991
2538 0.000723327
2539 0.000723327
2540 0.000723327
2542 0.000361664
2543 0.000361664
2545 0.000361664
2546 0.000361664
2547 0.000361664
2548 0.000361664
2549 0.000361664
2550 0.000361664
2552 0.001084991
2553 0.001627486
2554 0.001808318
2555 0.001084991
2556 0.001506932
2557 0.001506932
2558 0.001506932
2559 0.000361664
2560 0.000361664
2562 0.000723327
2563 0.000723327
2564 0.000723327
2565 0.000723327
2566 0.000542495
2567 0.000542495
2568 0.000723327
2569 0.000723327
2570 0.000723327
2571 0.000361664
2572 0.000361664
2573 0.027848101
2574 0.027848101
2575 0.027848101
2576 0.027848101
2577 0.027848101
2578 0.027848101
2579 0.027848101
2580 0.027848101
2581 0.027848101
2582 0.027848101
2583 0.027848101
2584 0.027848101
2585 0.027848101
2586 0.027848101
2587 0.027848101
2588 0.027848101
2589 0.027848101
2590 0.027848101
2591 0.027848101
2592 0.027848101
2593 0.027848101
2594 0.027848101
2595 0.027848101
2596 0.027848101
2597 0.027848101
2598 0.027848101
2599 0.027848101
2600 0.027848101
2601 0.027848101
2602 0.027848101
2603 0.027848101
2604 0.027848101
2605 0.027848101
2606 0.027848101
2607 0.027848101
2608 0.027848101
2609 0.027848101
2610 0.027848101
2611 0.027848101
2612 0.027848101
2613 0.027848101
2614 0.027848101
2615 0.027848101
2616 0.027848101
2617 0.027848101
2618 0.027848101
2619 0.027848101
2620 0.027848101
2621 0.027848101
2622 0.027848101
2623 0.027848101
2624 0.027848101
2625 0.027848101
2626 0.027848101
2627 0.027848101
2628 0.027848101
2629 0.027848101
2630 0.027848101
2631 0.027848101
2632 0.027848101
2633 0.027848101
2634 0.027848101
2635 0.027848101
2636 0.027848101
2637 0.027848101
2638 0.027848101
2639 0.027848101
2640 0.027848101
2641 0.027848101
2642 0.027848101
2643 0.027848101
2644 0.027848101
2645 0.027848101
2646 0.027848101
2647 0.027848101
2648 0.027848101
2649 0.027848101
2650 0.027848101
2651 0.000723327
2652 0.000723327
2653 0.000723327
2655 0.001084991
2656 0.001084991
2657 0.001084991
2658 0.001084991
2659 0.000723327
2660 0.000723327
2661 0.000723327
2662 0.000361664
2663 0.000361664
2664 0.005424955
2665 0.005424955
2666 0.005424955
2667 0.005424955
2668 0.005424955
2669 0.005424955
2670 0.005424955
2671 0.005424955
2672 0.005424955
2673 0.005424955
2674 0.005424955
2675 0.005424955
2676 0.005424955
2677 0.005424955
2678 0.005424955
2679 0.005424955
2680 0.000361664
2681 0.000361664
2682 0.000904159
2683 0.000904159
2684 0.001084991
2685 0.000723327
2686 0.000361664
2687 0.000361664
2688 0.000723327
2689 0.000723327
2690 0.000723327
2691 0.000723327
2692 0.000723327
2693 0.000723327
2694 0.000723327
2695 0.000723327
2696 0.000723327
2697 0.000361664
2698 0.000361664
2699 0.000542495
2700 0.000723327
2701 0.000542495
2704 0.000904159
2705 0.000904159
2706 0.000663050
2707 0.000663050
2708 0.000361664
2709 0.000361664
2710 0.003254973
2711 0.003254973
2712 0.003254973
2713 0.003254973
2714 0.003254973
2715 0.003254973
2716 0.003254973
2717 0.003254973
2718 0.003254973
2719 0.003254973
2720 0.002531646
2721 0.002531646
2722 0.002531646
2723 0.002531646
2724 0.002531646
2725 0.002531646
2726 0.002531646
2727 0.002531646
2728 0.000723327
2729 0.000723327
2730 0.000723327
2731 0.000361664
2732 0.000361664
2733 0.000361664
2734 0.000361664
2735 0.001627486
2736 0.001446655
2737 0.002169982
2738 0.001446655
2739 0.001265823
2740 0.001265823
2741 0.001265823
2742 0.000361664
2743 0.000361664
2745 0.000723327
2746 0.000723327
2747 0.000723327
2748 0.001808318
2749 0.001808318
2750 0.001265823
2751 0.001265823
2752 0.001265823
2753 0.001265823
2755 0.000723327
2756 0.000723327
2757 0.000723327
2758 0.001627486
2759 0.001265823
2760 0.001627486
2761 0.001024714
2762 0.001446655
2763 0.001205546
2764 0.000361664
2765 0.000361664
2766 0.000723327
2767 0.000723327
2768 0.000723327
2769 0.001084991
2770 0.001084991
2771 0.001084991
2772 0.001084991
2773 0.002893309
2774 0.002893309
2775 0.002893309
2776 0.002893309
2777 0.002893309
2778 0.002893309
2779 0.002893309
2780 0.002712477
2781 0.002712477
2782 0.000361664
2783 0.000361664
2784 0.000723327
2785 0.000542495
2786 0.000542495
2787 0.002531646
2788 0.002531646
2789 0.002531646
2790 0.002531646
2791 0.002531646
2792 0.002531646
2793 0.002531646
2794 0.002531646
2796 0.000723327
2797 0.000723327
2798 0.000723327
