28438264 51.289489700

0 0.229868467
1 0.275156291
2 0.215209328
3 0.305108150
4 0.322205538
5 0.307707938
6 0.307350540
7 0.257967142
8 0.278879755
9 0.234009321
10 0.214792364
11 0.214792364
12 0.295997476
13 0.295503075
14 0.295503075
15 0.215302765
16 0.215302765
17 0.244242538
18 0.244242538
19 0.244242538
20 0.244242538
21 0.284978358
22 0.231826498
23 0.231826498
24 0.283494498
25 0.301901443
26 0.303836125
27 0.303836125
28 0.298653852
29 0.252808180
30 0.286115417
31 0.307221905
32 0.309584085
33 0.243706440
34 0.243706440
35 0.243706440
36 0.243706440
37 0.224122982
38 0.298577125
39 0.290445892
40 0.290445892
41 0.300616847
42 0.249162719
43 0.249162719
44 0.249162719
45 0.284096118
46 0.284096118
47 0.284096118
48 0.284096118
49 0.284096118
50 0.284096118
51 0.327072342
52 0.323677060
53 0.249341418
54 0.301816825
55 0.301816825
56 0.274304492
57 0.216380916
58 0.298157839
59 0.300570277
60 0.328248494
61 0.289552396
62 0.288420635
63 0.288420635
64 0.288420635
65 0.288420635
66 0.288420635
67 0.288420635
68 0.288420635
69 0.288420635
70 0.288420635
71 0.288420635
72 0.288420635
73 0.288420635
74 0.288420635
75 0.288420635
76 0.288420635
77 0.288420635
78 0.288420635
79 0.288420635
80 0.288420635
81 0.288420635
82 0.288420635
83 0.288420635
84 0.288420635
85 0.288420635
86 0.308924226
87 0.298571684
88 0.298571684
89 0.301698067
90 0.319743269
91 0.267378111
92 0.267378111
93 0.267378111
94 0.267378111
95 0.267378111
96 0.267378111
97 0.267378111
98 0.267378111
99 0.281188996
100 0.306013133
101 0.299689739
102 0.288956733
103 0.308173639
104 0.299791569
105 0.299791569
106 0.299791569
107 0.300923330
108 0.289731095
109 0.289969361
110 0.291041555
111 0.273600526
112 0.312283292
113 0.267735509
114 0.277882496
115 0.281165453
116 0.267735509
117 0.272608321
118 0.287774766
119 0.291763391
120 0.310452336
121 0.283965072
122 0.285990328
123 0.282964357
124 0.282011295
125 0.282011295
126 0.282011295
127 0.282011295
128 0.282011295
129 0.282011295
130 0.282011295
131 0.282011295
132 0.282011295
133 0.282011295
134 0.282011295
135 0.282011295
136 0.282011295
137 0.282011295
138 0.282011295
139 0.282011295
140 0.282011295
141 0.282011295
142 0.282011295
143 0.282011295
144 0.282011295
145 0.282011295
146 0.282011295
147 0.282011295
148 0.282011295
149 0.282011295
150 0.282011295
151 0.282011295
152 0.282011295
153 0.282011295
154 0.282011295
155 0.282011295
156 0.282011295
157 0.282011295
158 0.282011295
159 0.282011295
160 0.282011295
161 0.282011295
162 0.282011295
163 0.282011295
164 0.282011295
165 0.303741953
166 0.303741953
167 0.303741953
168 0.282934381
169 0.282934381
170 0.282934381
171 0.292813654
172 0.295043705
173 0.282011295
174 0.282011295
175 0.282547393
176 0.282547393
177 0.282547393
178 0.294549730
179 0.294549730
180 0.298289646
181 0.283451525
182 0.283272826
183 0.287733302
184 0.288955882
185 0.326072762
186 0.289351379
187 0.300052385
188 0.300052385
189 0.296650579
190 0.298589464
191 0.257972867
192 0.259357359
193 0.257972867
194 0.231595891
195 0.224227081
196 0.256781539
197 0.307345666
198 0.284863621
199 0.316809059
200 0.224227081
201 0.224227081
202 0.224227081
203 0.224227081
204 0.222273305
205 0.222273305
206 0.201242010
207 0.200884612
208 0.190837869
209 0.190837869
210 0.175395575
211 0.142245804
212 0.197302237
213 0.197302237
214 0.197302237
215 0.271473156
216 0.320462036
217 0.279680356
218 0.279680356
219 0.233288285
220 0.192688139
221 0.180579124
222 0.298590688
223 0.257517751
224 0.257517751
225 0.257517751
226 0.257517751
227 0.257517751
228 0.257517751
229 0.257696450
230 0.277122316
231 0.317592782
232 0.287312650
233 0.271451405
234 0.276723028
235 0.222172919
236 0.231566533
237 0.219343517
238 0.219343517
239 0.248941330
240 0.225197755
241 0.222994935
242 0.222994935
243 0.213735035
244 0.213735035
245 0.237002956
246 0.233859554
247 0.274431283
248 0.198350914
249 0.292872602
250 0.222495428
251 0.171897766
252 0.171897766
253 0.171897766
254 0.171897766
255 0.171897766
256 0.171897766
257 0.171897766
258 0.171897766
259 0.171897766
260 0.171897766
261 0.189685402
262 0.207868032
263 0.211252252
264 0.263662305
265 0.279255733
266 0.214454511
267 0.209760682
268 0.203917932
269 0.203917932
270 0.215128630
271 0.216736921
272 0.207605089
273 0.207247691
274 0.205282002
275 0.167903394
276 0.168618190
277 0.168618190
278 0.168618190
279 0.167188597
280 0.167188597
281 0.167188597
282 0.161003366
283 0.161003366
284 0.138243633
285 0.138243633
286 0.138243633
287 0.138243633
288 0.138243633
289 0.138243633
290 0.138243633
291 0.138243633
292 0.136933173
293 0.136933173
294 0.136933173
295 0.136933173
296 0.217491287
297 0.175002166
298 0.203238901
299 0.168161821
300 0.143637027
301 0.171711399
302 0.190350985
303 0.190350985
304 0.190350985
305 0.189814888
306 0.189814888
307 0.189814888
308 0.189814888
309 0.189814888
310 0.189814888
311 0.189814888
312 0.189278791
313 0.189278791
314 0.189278791
315 0.177453451
316 0.189100092
317 0.189100092
318 0.177274751
319 0.177274751
320 0.177274751
321 0.189100092
322 0.189100092
323 0.189100092
324 0.189100092
325 0.189100092
326 0.189100092
327 0.189100092
328 0.223206537
329 0.189100092
330 0.189100092
331 0.189100092
332 0.189100092
333 0.189100092
334 0.189100092
335 0.189100092
336 0.189100092
337 0.189100092
338 0.189100092
339 0.189100092
340 0.189457490
341 0.150425374
342 0.150425374
343 0.150425374
344 0.149591445
345 0.149591445
346 0.193185776
347 0.193185776
348 0.214735350
349 0.214735350
350 0.214735350
351 0.214735350
352 0.214735350
353 0.214735350
354 0.214735350
355 0.215092748
356 0.305637105
357 0.166745134
358 0.166745134
359 0.304503500
360 0.231081300
361 0.214148712
362 0.211314397
363 0.247432832
364 0.236576206
365 0.236576206
366 0.246628454
367 0.259011449
368 0.250995944
369 0.296594790
370 0.313650765
371 0.229424414
372 0.318355231
373 0.300715080
374 0.252660540
375 0.266479935
376 0.260909436
377 0.284621669
378 0.276554966
379 0.256450521
380 0.256450521
381 0.261187555
382 0.235644418
383 0.231704529
384 0.231704529
385 0.231704529
386 0.282471465
387 0.284377730
388 0.280095812
389 0.299848815
390 0.268363792
391 0.260993255
392 0.253523260
393 0.185608820
394 0.260498570
395 0.293053428
396 0.257927006
397 0.257927006
398 0.257927006
399 0.280594132
400 0.284364682
401 0.287998656
402 0.291365006
403 0.285842212
404 0.228411025
405 0.228411025
406 0.228411025
407 0.228411025
408 0.228411025
409 0.228411025
410 0.228411025
411 0.228411025
412 0.228411025
413 0.228411025
414 0.228411025
415 0.228411025
416 0.228411025
417 0.269750644
418 0.289546246
419 0.294309002
420 0.278941733
421 0.278941733
422 0.278941733
423 0.278941733
424 0.278941733
425 0.278941733
426 0.278941733
427 0.278941733
428 0.278941733
429 0.278941733
430 0.278941733
431 0.278941733
432 0.278941733
433 0.289697715
434 0.289697715
435 0.289697715
436 0.289697715
437 0.289697715
438 0.289697715
439 0.289697715
440 0.289697715
441 0.299942277
442 0.299942277
443 0.304690141
444 0.278941733
445 0.278941733
446 0.278941733
447 0.278941733
448 0.278941733
449 0.278941733
450 0.278941733
451 0.278941733
452 0.278941733
453 0.278941733
454 0.278941733
455 0.278941733
456 0.278941733
457 0.290412511
458 0.290412511
459 0.290412511
460 0.290412511
461 0.290412511
462 0.290412511
463 0.290412511
464 0.290412511
465 0.290918825
466 0.285279877
467 0.279924578
468 0.279924578
469 0.279924578
470 0.279924578
471 0.279924578
472 0.279924578
473 0.279924578
474 0.279924578
475 0.279924578
476 0.295291847
477 0.241330968
478 0.228411025
479 0.228411025
480 0.228411025
481 0.228411025
482 0.290221899
483 0.286481132
484 0.286481132
485 0.286481132
486 0.286481132
487 0.286481132
488 0.286481132
489 0.275546450
490 0.275546450
491 0.275546450
492 0.275546450
493 0.275546450
494 0.275546450
495 0.275546450
496 0.275546450
497 0.275546450
498 0.275546450
499 0.275546450
500 0.275546450
501 0.275546450
502 0.275546450
503 0.275546450
504 0.275546450
505 0.275546450
506 0.282920765
507 0.301378678
508 0.277484910
509 0.242679153
510 0.230001447
511 0.229495133
512 0.258665061
513 0.258665061
514 0.258665061
515 0.258665061
516 0.258665061
517 0.258665061
518 0.258665061
519 0.258665061
520 0.258665061
521 0.258665061
522 0.258665061
523 0.258665061
524 0.258665061
525 0.258665061
526 0.258665061
527 0.258665061
528 0.258665061
529 0.258665061
530 0.258665061
531 0.258665061
532 0.258665061
533 0.264182324
534 0.258843760
535 0.270301491
536 0.215615372
537 0.254559714
538 0.246439350
539 0.221130791
540 0.221130791
541 0.245961117
542 0.254559714
543 0.242716221
544 0.242716221
545 0.242716221
546 0.242716221
547 0.242716221
548 0.257750344
549 0.258651498
550 0.208988331
551 0.247271912
552 0.205236476
553 0.220473292
554 0.189300657
555 0.225988518
556 0.261950429
557 0.266996834
558 0.246588691
559 0.248887953
560 0.236016940
561 0.229407059
562 0.225166502
563 0.246735055
564 0.228805156
565 0.257226108
566 0.253418258
567 0.194964657
568 0.218515493
569 0.222861568
570 0.222861568
571 0.222861568
572 0.194905091
573 0.194905091
574 0.218220975
575 0.218220975
576 0.196969542
577 0.187392213
578 0.244852049
579 0.225201391
580 0.225380090
581 0.225380090
582 0.225380090
583 0.225558789
584 0.274402918
585 0.175733852
586 0.173408212
587 0.223626905
588 0.223626905
589 0.206190930
590 0.205145966
591 0.206727027
592 0.286863775
593 0.171079464
594 0.199572966
595 0.199215568
596 0.199215568
597 0.199215568
598 0.170543366
599 0.234375745
600 0.246080534
601 0.278621209
602 0.208340051
603 0.229353166
604 0.223468861
605 0.219507698
606 0.245995297
607 0.222856604
608 0.222856604
609 0.222856604
610 0.242480740
611 0.206190930
612 0.206190930
613 0.206369629
614 0.211019209
615 0.245107049
616 0.233737534
617 0.228376561
618 0.240505123
619 0.254447763
620 0.204431170
621 0.208123858
622 0.272920000
623 0.209232218
624 0.255126678
625 0.218393666
626 0.224659763
627 0.232215897
628 0.208049400
629 0.208049400
630 0.177112336
631 0.185106709
632 0.240991581
633 0.183281193
634 0.183281193
635 0.183281193
636 0.182745096
637 0.182745096
638 0.181994560
639 0.184643277
640 0.191006808
641 0.184464578
642 0.223523799
643 0.223523799
644 0.223523799
645 0.224912120
646 0.208181207
647 0.252025308
648 0.206149569
649 0.206149569
650 0.278586462
651 0.261403695
652 0.154826796
653 0.195604905
654 0.195604905
655 0.195604905
656 0.155237907
657 0.173840042
658 0.180115667
659 0.239504743
660 0.256317863
661 0.258820501
662 0.244306307
663 0.216024536
664 0.207737580
665 0.207737580
666 0.198293759
667 0.192281103
668 0.191739049
669 0.191739049
670 0.191739049
671 0.243485478
672 0.257406135
673 0.240118277
674 0.227187271
675 0.207873306
676 0.225554728
677 0.215933059
678 0.240457805
679 0.261617283
680 0.233280291
681 0.238577016
682 0.181575185
683 0.193696745
684 0.181575185
685 0.193068939
686 0.193068939
687 0.193068939
688 0.196063850
689 0.183786605
690 0.200573539
691 0.180985452
692 0.146128938
693 0.202706350
694 0.215698623
695 0.194471017
696 0.197142568
697 0.199043161
698 0.193289334
699 0.246711795
700 0.280769143
701 0.319275389
702 0.220657948
703 0.220657948
704 0.239582179
705 0.220657948
706 0.220657948
707 0.220657948
708 0.239582179
709 0.220657948
710 0.220657948
711 0.236099249
712 0.205533431
713 0.205533431
714 0.161730098
715 0.161730098
716 0.195353450
717 0.214233806
718 0.214055107
719 0.204878201
720 0.206081441
721 0.221482039
722 0.262752306
723 0.199092748
724 0.198914049
725 0.240274658
726 0.197877594
727 0.199092748
728 0.199092748
729 0.199092748
730 0.199092748
731 0.199092748
732 0.199092748
733 0.195174132
734 0.195174132
735 0.158255678
736 0.195100293
737 0.199299103
738 0.169807000
739 0.181815668
740 0.191571554
741 0.157601144
742 0.157422445
743 0.149143160
744 0.149143160
745 0.184165560
746 0.149143160
747 0.215425043
748 0.215425043
749 0.215425043
750 0.242312678
751 0.242848775
752 0.217331167
753 0.183172130
754 0.183172130
755 0.183172130
756 0.300227770
757 0.291600293
758 0.232664205
759 0.230746168
760 0.169777900
761 0.179052549
762 0.168622313
763 0.169360936
764 0.169182236
765 0.169182236
766 0.171858919
767 0.171858919
768 0.180106307
769 0.180106307
770 0.180106307
771 0.234243564
772 0.237013400
773 0.235375325
774 0.233707467
775 0.233707467
776 0.179701255
777 0.186517632
778 0.180058654
779 0.179701255
780 0.149890705
781 0.149354608
782 0.145386637
783 0.145386637
784 0.178477592
785 0.133037087
786 0.160626831
787 0.160269433
788 0.202352729
789 0.160269433
790 0.235219318
791 0.266647662
792 0.185731640
793 0.205787155
794 0.219989670
795 0.170140262
796 0.262347732
797 0.224282084
798 0.180622071
799 0.256932531
800 0.194921169
801 0.196529460
802 0.172857223
803 0.172678524
804 0.172678524
805 0.166194442
806 0.156181028
807 0.158544278
808 0.174310732
809 0.190691674
810 0.190691674
811 0.288846909
812 0.224959013
813 0.228374718
814 0.196170786
815 0.191694941
816 0.192147646
817 0.191516242
818 0.191049072
819 0.190929939
820 0.152970969
821 0.222975646
822 0.231512588
823 0.247579337
824 0.176778816
825 0.176778816
826 0.220214694
827 0.196376715
828 0.198205402
829 0.214448671
830 0.230753826
831 0.274892922
832 0.213853007
833 0.213853007
834 0.218312967
835 0.218908631
836 0.220921974
837 0.206938062
838 0.205329771
839 0.229993504
840 0.202077448
841 0.197460629
842 0.176965264
843 0.176607866
844 0.209135635
845 0.212818538
846 0.238286276
847 0.218622712
848 0.179874230
849 0.176584040
850 0.157231833
851 0.188982210
852 0.164664953
853 0.177945982
854 0.138295095
855 0.204268213
856 0.163088572
857 0.158503807
858 0.198877600
859 0.194398210
860 0.211289668
861 0.171434244
862 0.240868619
863 0.224431992
864 0.194481603
865 0.264247422
866 0.203815934
867 0.210882632
868 0.254944859
869 0.194707671
870 0.210458150
871 0.131876730
872 0.131698031
873 0.131698031
874 0.131519331
875 0.198742866
876 0.198742866
877 0.198742866
878 0.235411632
879 0.249196421
880 0.186884056
881 0.204742900
882 0.198891782
883 0.236483826
884 0.200321375
885 0.200321375
886 0.201578225
887 0.201852230
888 0.297341071
889 0.306091369
890 0.305436139
891 0.238151684
892 0.252221258
893 0.231660937
894 0.256632856
895 0.200678773
896 0.245488841
897 0.256638387
898 0.157937836
899 0.157937836
900 0.199278963
901 0.157759137
902 0.243783825
903 0.250246775
904 0.273442198
905 0.289411087
906 0.301347334
907 0.257877702
908 0.271916448
909 0.199040040
910 0.199040040
911 0.207222898
912 0.207222898
913 0.224658628
914 0.207520730
915 0.231256028
916 0.227134229
917 0.227134229
918 0.203229631
919 0.251632402
920 0.266990311
921 0.211659547
922 0.230751557
923 0.203076370
924 0.214246996
925 0.202897671
926 0.190685717
927 0.190685717
928 0.169400363
929 0.169400363
930 0.177243150
931 0.169201692
932 0.156806191
933 0.157520987
934 0.157520987
935 0.157520987
936 0.157520987
937 0.157520987
938 0.157520987
939 0.157520987
940 0.157520987
941 0.157520987
942 0.157520987
943 0.157520987
944 0.157520987
945 0.157520987
946 0.169400363
947 0.157520987
948 0.169400363
949 0.169400363
950 0.169400363
951 0.157520987
952 0.157520987
953 0.157342288
954 0.157520987
955 0.157520987
956 0.157520987
957 0.157520987
958 0.157520987
959 0.157342288
960 0.157342288
961 0.157342288
962 0.157520987
963 0.157520987
964 0.157520987
965 0.157520987
966 0.157520987
967 0.157520987
968 0.157520987
969 0.157520987
970 0.157520987
971 0.157520987
972 0.205554137
973 0.190768207
974 0.184675136
975 0.175736070
976 0.150192649
977 0.165730340
978 0.165730340
979 0.165909039
980 0.211929014
981 0.165551641
982 0.204625611
983 0.217891890
984 0.172205061
985 0.188912574
986 0.220728860
987 0.182619865
988 0.174254479
989 0.141899569
990 0.193466757
991 0.182249135
992 0.205608173
993 0.185388850
994 0.196014637
995 0.235938278
996 0.198666990
997 0.232794026
998 0.227977183
999 0.217435924
1000 0.204699502
1001 0.201513411
1002 0.246771078
1003 0.166541036
1004 0.207579303
1005 0.162369122
1006 0.143940851
1007 0.177269104
1008 0.184050824
1009 0.202383080
1010 0.161190868
1011 0.161190868
1012 0.152411922
1013 0.166973627
1014 0.184812423
1015 0.137016275
1016 0.207403299
1017 0.255642262
1018 0.208532507
1019 0.144732516
1020 0.144732516
1021 0.178182455
1022 0.144553817
1023 0.100114658
1024 0.088667890
1025 0.114426820
1026 0.099935959
1027 0.133536465
1028 0.133310113
1029 0.133310113
1030 0.160940264
1031 0.113914549
1032 0.133208850
1033 0.132893148
1034 0.135266739
1035 0.115298574
1036 0.163688916
1037 0.179709571
1038 0.163305732
1039 0.163305732
1040 0.216415121
1041 0.231623263
1042 0.231623263
1043 0.231623263
1044 0.231623263
1045 0.231623263
1046 0.216415121
1047 0.216415121
1048 0.283227532
1049 0.282882047
1050 0.229792307
1051 0.236983243
1052 0.224443248
1053 0.285554024
1054 0.254646318
1055 0.222634842
1056 0.216459087
1057 0.217352582
1058 0.213540335
1059 0.213540335
1060 0.213540335
1061 0.213540335
1062 0.270549259
1063 0.271651236
1064 0.218667722
1065 0.207373090
1066 0.258242849
1067 0.207373090
1068 0.207373090
1069 0.207194391
1070 0.206836993
1071 0.294688099
1072 0.252028995
1073 0.252207694
1074 0.245616535
1075 0.245616535
1076 0.245616535
1077 0.245616535
1078 0.245616535
1079 0.245616535
1080 0.245616535
1081 0.245616535
1082 0.245973933
1083 0.246891255
1084 0.252429650
1085 0.274808253
1086 0.277548305
1087 0.286115933
1088 0.259714757
1089 0.259714757
1090 0.274419563
1091 0.183931717
1092 0.183931717
1093 0.220618804
1094 0.256810136
1095 0.270898573
1096 0.224550184
1097 0.242298405
1098 0.242298405
1099 0.242119706
1100 0.223043155
1101 0.240005101
1102 0.219469174
1103 0.252878757
1104 0.252878757
1105 0.252878757
1106 0.259043875
1107 0.242139278
1108 0.223018477
1109 0.233442164
1110 0.232191271
1111 0.232191271
1112 0.216290032
1113 0.214461345
1114 0.214461345
1115 0.214461345
1116 0.248348026
1117 0.246003239
1118 0.212271005
1119 0.276114175
1120 0.268050592
1121 0.249190465
1122 0.287751739
1123 0.260706060
1124 0.260706060
1125 0.249190465
1126 0.259506223
1127 0.247990628
1128 0.248348026
1129 0.248348026
1130 0.248348026
1131 0.248348026
1132 0.248348026
1133 0.248348026
1134 0.248348026
1135 0.262323145
1136 0.262323145
1137 0.259834973
1138 0.229768197
1139 0.246259284
1140 0.246259284
1141 0.246259284
1142 0.246974081
1143 0.232875433
1144 0.232696734
1145 0.177009256
1146 0.188624154
1147 0.188624154
1148 0.188624154
1149 0.226974534
1150 0.226974534
1151 0.226974534
1152 0.226974534
1153 0.226974534
1154 0.226974534
1155 0.226974534
1156 0.226974534
1157 0.226974534
1158 0.223686472
1159 0.223686472
1160 0.223686472
1161 0.210652502
1162 0.210652502
1163 0.210652502
1164 0.210652502
1165 0.210652502
1166 0.243513791
1167 0.257861341
1168 0.236073953
1169 0.304326361
1170 0.252069647
1171 0.213781863
1172 0.273406316
1173 0.202921781
1174 0.229227419
1175 0.236304560
1176 0.214102812
1177 0.235702940
1178 0.268180838
1179 0.237761576
1180 0.229673973
1181 0.234728372
1182 0.234728372
1183 0.234728372
1184 0.234728372
1185 0.283586207
1186 0.274330871
1187 0.243845661
1188 0.239860671
1189 0.245778164
1190 0.220421952
1191 0.220421952
1192 0.220421952
1193 0.220421952
1194 0.220421952
1195 0.232168244
1196 0.273859021
1197 0.229044130
1198 0.229401528
1199 0.244095839
1200 0.229044130
1201 0.229044130
1202 0.229401528
1203 0.175301738
1204 0.175301738
1205 0.268955201
1206 0.268955201
1207 0.268955201
1208 0.268955201
1209 0.268955201
1210 0.268955201
1211 0.268955201
1212 0.267883007
1213 0.267883007
1214 0.267883007
1215 0.267883007
1216 0.267883007
1217 0.267883007
1218 0.267883007
1219 0.267883007
1220 0.267883007
1221 0.267883007
1222 0.267883007
1223 0.267883007
1224 0.267883007
1225 0.280182840
1226 0.197528589
1227 0.197528589
1228 0.197528589
1229 0.197528589
1230 0.197528589
1231 0.197528589
1232 0.212479912
1233 0.169346160
1234 0.224850375
1235 0.172777234
1236 0.172777234
1237 0.141025103
1238 0.207424663
1239 0.172538968
1240 0.172909943
1241 0.172909943
1242 0.203337702
1243 0.202980303
1244 0.226175301
1245 0.262574600
1246 0.173069818
1247 0.224675505
1248 0.178269110
1249 0.201762223
1250 0.145564911
1251 0.145386212
1252 0.179993981
1253 0.145386212
1254 0.161599465
1255 0.145386212
1256 0.174363968
1257 0.291149574
1258 0.280455144
1259 0.298792079
1260 0.287960505
1261 0.266391527
1262 0.273336964
1263 0.277351737
1264 0.271907371
1265 0.262567367
1266 0.230775100
1267 0.256944303
1268 0.275958309
1269 0.256253333
1270 0.240287847
1271 0.230810840
1272 0.230417702
1273 0.230417702
1274 0.230417702
1275 0.292418337
1276 0.255711279
1277 0.254257860
1278 0.267128022
1279 0.250755358
1280 0.256819213
1281 0.225473694
1282 0.264358187
1283 0.215052044
1284 0.277502922
1285 0.229160852
1286 0.228446056
1287 0.228446056
1288 0.238651474
1289 0.220524581
1290 0.246806109
1291 0.208913680
1292 0.230348066
1293 0.265626950
1294 0.214149846
1295 0.235935249
1296 0.243035700
1297 0.267183759
1298 0.235756549
1299 0.241546399
1300 0.241236654
1301 0.234696268
1302 0.232303403
1303 0.232303403
1304 0.237531627
1305 0.237531627
1306 0.227040290
1307 0.227040290
1308 0.227040290
1309 0.241576183
1310 0.227040290
1311 0.220310142
1312 0.219654912
1313 0.221995870
1314 0.282440973
1315 0.218782884
1316 0.218782884
1317 0.244398351
1318 0.230650204
1319 0.230650204
1320 0.249564031
1321 0.260799522
1322 0.248414594
1323 0.248711291
1324 0.248711291
1325 0.223130184
1326 0.184539036
1327 0.177355759
1328 0.183141071
1329 0.148442108
1330 0.208929706
1331 0.228672833
1332 0.189096430
1333 0.250738481
1334 0.244582723
1335 0.192678921
1336 0.286441279
1337 0.237313075
1338 0.224909516
1339 0.216643549
1340 0.224909516
1341 0.224909516
1342 0.224909516
1343 0.228018880
1344 0.228018880
1345 0.228018880
1346 0.227840181
1347 0.207779276
1348 0.207779276
1349 0.227661482
1350 0.227661482
1351 0.227661482
1352 0.223694362
1353 0.168409060
1354 0.217929332
1355 0.209778952
1356 0.218596617
1357 0.218596617
1358 0.210547358
1359 0.210726057
1360 0.195089656
1361 0.192598506
1362 0.192598506
1363 0.192598506
1364 0.229289113
1365 0.196875796
1366 0.188333697
1367 0.188333697
1368 0.194480326
1369 0.177970427
1370 0.176382984
1371 0.218925366
1372 0.229271901
1373 0.189089764
1374 0.169463101
1375 0.138753459
1376 0.186274803
1377 0.229461855
1378 0.224118753
1379 0.224118753
1380 0.238776757
1381 0.254763516
1382 0.223505220
1383 0.223505220
1384 0.223505220
1385 0.229461855
1386 0.223505220
1387 0.223505220
1388 0.225470909
1389 0.222091795
1390 0.222091795
1391 0.222091795
1392 0.217636232
1393 0.217636232
1394 0.217636232
1395 0.217636232
1396 0.217636232
1397 0.217636232
1398 0.217636232
1399 0.172830959
1400 0.173724455
1401 0.173724455
1402 0.173724455
1403 0.173724455
1404 0.173724455
1405 0.173545756
1406 0.173545756
1407 0.173545756
1408 0.173545756
1409 0.173545756
1410 0.207355078
1411 0.162641709
1412 0.193724736
1413 0.203285420
1414 0.203285420
1415 0.203285420
1416 0.203285420
1417 0.207784807
1418 0.250542196
1419 0.219272605
1420 0.170211342
1421 0.262845201
1422 0.220033636
1423 0.220033636
1424 0.276734425
1425 0.244261826
1426 0.243904428
1427 0.243904428
1428 0.243904428
1429 0.243904428
1430 0.243904428
1431 0.248399509
1432 0.239036103
1433 0.239036103
1434 0.236662435
1435 0.236662435
1436 0.236662435
1437 0.236662435
1438 0.284747751
1439 0.283556424
1440 0.284682228
1441 0.249612961
1442 0.222035065
1443 0.222035065
1444 0.222035065
1445 0.231989029
1446 0.240731617
1447 0.264498593
1448 0.247766403
1449 0.273579059
1450 0.242018869
1451 0.242018869
1452 0.242018869
1453 0.256454775
1454 0.256216510
1455 0.256216510
1456 0.256216510
1457 0.256216510
1458 0.256216510
1459 0.265214859
1460 0.260404025
1461 0.276492331
1462 0.277338598
1463 0.247577686
1464 0.247577686
1465 0.247577686
1466 0.281884362
1467 0.261427148
1468 0.203625232
1469 0.215162526
1470 0.239781727
1471 0.182283006
1472 0.182283006
1473 0.182283006
1474 0.211445108
1475 0.197144696
1476 0.218981529
1477 0.236076506
1478 0.233302274
1479 0.228978324
1480 0.177775225
1481 0.213841236
1482 0.183421548
1483 0.169984706
1484 0.139161643
1485 0.139161643
1486 0.166932072
1487 0.211920840
1488 0.259520689
1489 0.244615343
1490 0.240800543
1491 0.244615343
1492 0.244615343
1493 0.244615343
1494 0.239564309
1495 0.216887397
1496 0.235052390
1497 0.214958724
1498 0.214958724
1499 0.216887397
1500 0.214958724
1501 0.240621844
1502 0.226407378
1503 0.214780025
1504 0.206661130
1505 0.226407378
1506 0.226407378
1507 0.226407378
1508 0.214780025
1509 0.214780025
1510 0.214780025
1511 0.214780025
1512 0.214780025
1513 0.214780025
1514 0.214780025
1515 0.214780025
1516 0.214780025
1517 0.214780025
1518 0.214780025
1519 0.189430259
1520 0.261113664
1521 0.270501322
1522 0.197398562
1523 0.197398562
1524 0.244467046
1525 0.197219863
1526 0.197219863
1527 0.183313362
1528 0.178344084
1529 0.144406203
1530 0.174609415
1531 0.177241113
1532 0.175637785
1533 0.144406203
1534 0.174533255
1535 0.180517121
1536 0.174354556
1537 0.203281539
1538 0.160091160
1539 0.160091160
1540 0.271591386
1541 0.198195049
1542 0.198195049
1543 0.213475096
1544 0.245180514
1545 0.242339199
1546 0.242339199
1547 0.201556861
1548 0.198195049
1549 0.198195049
1550 0.160213013
1551 0.203680775
1552 0.160749110
1553 0.160391712
1554 0.160570411
1555 0.160570411
1556 0.248893059
1557 0.161575329
1558 0.175360995
1559 0.175539694
1560 0.175539694
1561 0.226201874
1562 0.226141456
1563 0.256590734
1564 0.217120557
1565 0.216524894
1566 0.173053199
1567 0.173053199
1568 0.173053199
1569 0.153701366
1570 0.153880065
1571 0.153701366
1572 0.197075202
1573 0.258868296
1574 0.216640906
1575 0.198138461
1576 0.203310523
1577 0.223144418
1578 0.231935136
1579 0.203310523
1580 0.203310523
1581 0.203310523
1582 0.233943179
1583 0.203548788
1584 0.245093860
1585 0.245093860
1586 0.211366679
1587 0.198354744
1588 0.198533443
1589 0.198354744
1590 0.198176045
1591 0.198176045
1592 0.198176045
1593 0.198176045
1594 0.198176045
1595 0.254933281
1596 0.203429655
1597 0.203250956
1598 0.203250956
1599 0.224630173
1600 0.224630173
1601 0.250002321
1602 0.199611594
1603 0.199611594
1604 0.214335688
1605 0.215796289
1606 0.213234278
1607 0.213412977
1608 0.213412977
1609 0.238904915
1610 0.239083614
1611 0.239083614
1612 0.239083614
1613 0.239083614
1614 0.202370741
1615 0.184961055
1616 0.233313903
1617 0.191459796
1618 0.154013689
1619 0.191436537
1620 0.154728486
1621 0.193723885
1622 0.193545186
1623 0.154013689
1624 0.154013689
1625 0.154013689
1626 0.154013689
1627 0.190185643
1628 0.153656291
1629 0.156482999
1630 0.264841151
1631 0.203916372
1632 0.227239463
1633 0.266257838
1634 0.215385023
1635 0.229579286
1636 0.221815237
1637 0.210771325
1638 0.211198785
1639 0.211377484
1640 0.219150777
1641 0.206149401
1642 0.225185842
1643 0.221781199
1644 0.210075959
1645 0.210075959
1646 0.210254658
1647 0.285432055
1648 0.280970728
1649 0.267536245
1650 0.220917487
1651 0.220560089
1652 0.220560089
1653 0.197064539
1654 0.201838950
1655 0.169523054
1656 0.236333544
1657 0.178236052
1658 0.232655747
1659 0.178474317
1660 0.144332406
1661 0.265600996
1662 0.243482074
1663 0.245864728
1664 0.206007602
1665 0.230148145
1666 0.273939435
1667 0.208558744
1668 0.208558744
1669 0.208558744
1670 0.213274698
1671 0.263009202
1672 0.263187901
1673 0.243303375
1674 0.198031525
1675 0.198388923
1676 0.219308344
1677 0.219308344
1678 0.219308344
1679 0.219308344
1680 0.229790747
1681 0.229790747
1682 0.229790747
1683 0.229790747
1684 0.229790747
1685 0.229790747
1686 0.229790747
1687 0.229790747
1688 0.229790747
1689 0.230398324
1690 0.217581152
1691 0.205469378
1692 0.243264231
1693 0.206960664
1694 0.208910186
1695 0.208910186
1696 0.207549520
1697 0.205565960
1698 0.205923358
1699 0.205565960
1700 0.205565960
1701 0.203719377
1702 0.187884113
1703 0.162208292
1704 0.145011214
1705 0.165924692
1706 0.179552623
1707 0.165924692
1708 0.214057428
1709 0.215488723
1710 0.167362201
1711 0.167362201
1712 0.176313773
1713 0.173241258
1714 0.172514549
1715 0.172335850
1716 0.143193035
1717 0.143193035
1718 0.198803761
1719 0.169321676
1720 0.193719914
1721 0.207083626
1722 0.162370682
1723 0.162370682
1724 0.162370682
1725 0.170340377
1726 0.170340377
1727 0.151881046
1728 0.189893201
1729 0.183750775
1730 0.181959104
1731 0.147452288
1732 0.147452288
1733 0.147452288
1734 0.147452288
1735 0.147452288
1736 0.155037045
1737 0.155037045
1738 0.154858346
1739 0.154858346
1740 0.144498248
1741 0.121725591
1742 0.121904290
1743 0.121904290
1744 0.137056130
1745 0.137056130
1746 0.116421963
1747 0.167399926
1748 0.139069473
1749 0.153392472
1750 0.165617190
1751 0.165617190
1752 0.168752082
1753 0.165974588
1754 0.167119113
1755 0.165617190
1756 0.136061798
1757 0.136061798
1758 0.110107297
1759 0.110107297
1760 0.128757686
1761 0.110285996
1762 0.110285996
1763 0.110285996
1764 0.148463356
1765 0.180109569
1766 0.128679682
1767 0.129327679
1768 0.178116648
1769 0.177041050
1770 0.176862351
1771 0.145896046
1772 0.145896046
1773 0.112215301
1774 0.115568315
1775 0.100266044
1776 0.112215301
1777 0.097770994
1778 0.106941276
1779 0.106941276
1780 0.120050152
1781 0.168306443
1782 0.138910356
1783 0.215218405
1784 0.238637060
1785 0.238637060
1786 0.226280586
1787 0.226101887
1788 0.226340153
1789 0.208379478
1790 0.229187089
1791 0.232794026
1792 0.232794026
1793 0.232794026
1794 0.232794026
1795 0.206863089
1796 0.199794380
1797 0.176324694
1798 0.181512498
1799 0.175335892
1800 0.204890823
1801 0.182724532
1802 0.181890603
1803 0.162401032
1804 0.163234961
1805 0.162877563
1806 0.162877563
1807 0.182767079
1808 0.182767079
1809 0.199496548
1810 0.157654164
1811 0.173531431
1812 0.193754068
1813 0.154013112
1814 0.165750247
1815 0.165750247
1816 0.134510236
1817 0.134510236
1818 0.171373969
1819 0.160351550
1820 0.146621775
1821 0.146621775
1822 0.146621775
1823 0.132436215
1824 0.132257516
1825 0.132257516
1826 0.159552368
1827 0.202709612
1828 0.159552368
1829 0.159552368
1830 0.202173514
1831 0.207925304
1832 0.186988464
1833 0.186988464
1834 0.186988464
1835 0.186988464
1836 0.186988464
1837 0.183869031
1838 0.183869031
1839 0.160644108
1840 0.160644108
1841 0.160644108
1842 0.160644108
1843 0.160644108
1844 0.160644108
1845 0.160644108
1846 0.160644108
1847 0.162714065
1848 0.162892764
1849 0.162892764
1850 0.178174745
1851 0.157837115
1852 0.157598849
1853 0.134609652
1854 0.157598849
1855 0.130921621
1856 0.191744954
1857 0.184509060
1858 0.183801497
1859 0.163510926
1860 0.192980530
1861 0.153074049
1862 0.178039444
1863 0.143857716
1864 0.178039444
1865 0.168469116
1866 0.168290417
1867 0.170065495
1868 0.170065495
1869 0.170065495
1870 0.162709333
1871 0.184008277
1872 0.192955427
1873 0.188549644
1874 0.170449839
1875 0.150731532
1876 0.150731532
1877 0.196407298
1878 0.188664664
1879 0.169754899
1880 0.169933598
1881 0.172842421
1882 0.190973144
1883 0.180373595
1884 0.160616427
1885 0.160437728
1886 0.152826140
1887 0.212930863
1888 0.173977728
1889 0.185136350
1890 0.179617102
1891 0.167413373
1892 0.204688298
1893 0.169129452
1894 0.147608836
1895 0.166256084
1896 0.166256084
1897 0.159872415
1898 0.194953595
1899 0.181863321
1900 0.185867882
1901 0.181722631
1902 0.176778623
1903 0.179224247
1904 0.179462513
1905 0.182610453
1906 0.158214059
1907 0.148932060
1908 0.168778578
1909 0.161343136
1910 0.185623660
1911 0.164624675
1912 0.161891430
1913 0.181671999
1914 0.181278010
1915 0.149142244
1916 0.134978783
1917 0.134978783
1918 0.153801752
1919 0.148035870
1920 0.124612471
1921 0.148827819
1922 0.148649120
1923 0.180571298
1924 0.162400155
1925 0.133991310
1926 0.171062522
1927 0.182049111
1928 0.207247807
1929 0.207247807
1930 0.167526124
1931 0.203772446
1932 0.203772446
1933 0.138902930
1934 0.127545082
1935 0.127545082
1936 0.153386347
1937 0.128469212
1938 0.130051975
1939 0.153267215
1940 0.109949799
1941 0.151711682
1942 0.151711682
1943 0.132111952
1944 0.160410781
1945 0.160232082
1946 0.132290651
1947 0.132469350
1948 0.132469350
1949 0.132290651
1950 0.131754554
1951 0.159517286
1952 0.132111952
1953 0.146312327
1954 0.146312327
1955 0.146312327
1956 0.146312327
1957 0.145382615
1958 0.122442283
1959 0.222690669
1960 0.169022091
1961 0.169022091
1962 0.169022091
1963 0.180933093
1964 0.169200790
1965 0.169200790
1966 0.172620608
1967 0.174913345
1968 0.176705442
1969 0.183097195
1970 0.199517654
1971 0.179788426
1972 0.212686499
1973 0.182030957
1974 0.169200790
1975 0.189836703
1976 0.169492665
1977 0.169671364
1978 0.169492665
1979 0.169492665
1980 0.170207461
1981 0.169492665
1982 0.169492665
1983 0.169200790
1984 0.171728956
1985 0.178729138
1986 0.172613800
1987 0.169200790
1988 0.182704057
1989 0.169200790
1990 0.170900984
1991 0.170900984
1992 0.183854397
1993 0.170004935
1994 0.184372624
1995 0.169260356
1996 0.169468838
1997 0.169200790
1998 0.185894261
1999 0.169486708
2000 0.169200790
2001 0.169200790
2002 0.208494588
2003 0.182525358
2004 0.169290139
2005 0.207013939
2006 0.216944501
2007 0.143252743
2008 0.146077272
2009 0.146077272
2010 0.146077272
2011 0.146077272
2012 0.170613505
2013 0.170792204
2014 0.139739605
2015 0.180867144
2016 0.225539217
2017 0.232195190
2018 0.201461219
2019 0.159183933
2020 0.159183933
2021 0.159183933
2022 0.165689430
2023 0.178981160
2024 0.198905255
2025 0.178802461
2026 0.178802461
2027 0.178802461
2028 0.178802461
2029 0.178981160
2030 0.179100293
2031 0.201098290
2032 0.155922172
2033 0.155862606
2034 0.155862606
2035 0.160236762
2036 0.160475028
2037 0.176646159
2038 0.189400927
2039 0.189327836
2040 0.123103482
2041 0.123103482
2042 0.147281557
2043 0.122924783
2044 0.146328495
2045 0.145792398
2046 0.145792398
2047 0.146209362
2048 0.146209362
2049 0.146209362
2050 0.145405216
2051 0.107467058
2052 0.107467058
2053 0.107467058
2054 0.107824457
2055 0.125307437
2056 0.107288359
2057 0.107288359
2058 0.106930961
2059 0.122144464
2060 0.139440213
2061 0.117864002
2062 0.138858590
2063 0.138858590
2064 0.138858590
2065 0.181066743
2066 0.146562505
2067 0.132611588
2068 0.113193419
2069 0.168653965
2070 0.173456445
2071 0.141458339
2072 0.141279640
2073 0.141279640
2074 0.214681740
2075 0.212821284
2076 0.199166948
2077 0.192249334
2078 0.192970087
2079 0.192741749
2080 0.200839086
2081 0.194317988
2082 0.154306274
2083 0.119899464
2084 0.103640863
2085 0.141213821
2086 0.119720765
2087 0.119542065
2088 0.119542065
2089 0.171601662
2090 0.140439458
2091 0.156225703
2092 0.156225703
2093 0.169237432
2094 0.170976215
2095 0.150925612
2096 0.153625799
2097 0.153625799
2098 0.153625799
2099 0.153625799
2100 0.153447100
2101 0.153447100
2102 0.153447100
2103 0.153983197
2104 0.153983197
2105 0.153983197
2106 0.153983197
2107 0.155606664
2108 0.155606664
2109 0.155606664
2110 0.127549881
2111 0.152672737
2112 0.152672737
2113 0.152672737
2114 0.142710074
2115 0.176646636
2116 0.149263840
2117 0.149263840
2118 0.173363679
2119 0.169958610
2120 0.149085141
2121 0.147220856
2122 0.202779815
2123 0.200238601
2124 0.159809921
2125 0.139460729
2126 0.140652056
2127 0.140294658
2128 0.140294658
2129 0.150574300
2130 0.150752999
2131 0.150752999
2132 0.150752999
2133 0.145227368
2134 0.172738232
2135 0.125633779
2136 0.203549020
2137 0.197993181
2138 0.169392730
2139 0.162354539
2140 0.162354539
2141 0.171298570
2142 0.130605764
2143 0.130605764
2144 0.157645110
2145 0.130605764
2146 0.130605764
2147 0.130605764
2148 0.130605764
2149 0.139531123
2150 0.139531123
2151 0.139769388
2152 0.139590689
2153 0.118258793
2154 0.184630204
2155 0.184630204
2156 0.184630204
2157 0.184630204
2158 0.163616070
2159 0.163616070
2160 0.163616070
2161 0.163616070
2162 0.163616070
2163 0.163616070
2164 0.163616070
2165 0.163616070
2166 0.163616070
2167 0.167835070
2168 0.166941574
2169 0.137764683
2170 0.138062515
2171 0.138419913
2172 0.117591637
2173 0.117591637
2174 0.171212057
2175 0.170675960
2176 0.139450566
2177 0.139807964
2178 0.139807964
2179 0.139807964
2180 0.139807964
2181 0.078187163
2182 0.078187163
2183 0.078187163
2184 0.086938614
2185 0.086938614
2186 0.078187163
2187 0.097846187
2188 0.108794744
2189 0.108794744
2190 0.108794744
2191 0.117315592
2192 0.116183831
2193 0.123464761
2194 0.109015140
2195 0.111219095
2196 0.109598890
2197 0.108794744
2198 0.108258647
2199 0.095129961
2200 0.121120941
2201 0.103871821
2202 0.107694163
2203 0.107813296
2204 0.104538964
2205 0.107515464
2206 0.097250524
2207 0.097786621
2208 0.094190420
2209 0.096595294
2210 0.096773993
2211 0.096595294
2212 0.099801778
2213 0.099801778
2214 0.099623079
2215 0.099623079
2216 0.099623079
2217 0.099623079
2218 0.099623079
2219 0.113457118
2220 0.099623079
2221 0.087950441
2222 0.111967959
2223 0.130055227
2224 0.154531182
2225 0.153977215
2226 0.127710143
2227 0.109586692
2228 0.127710143
2229 0.152586082
2230 0.109586692
2231 0.152109552
2232 0.189756056
2233 0.189219959
2234 0.189721851
2235 0.189721851
2236 0.189721851
2237 0.189721851
2238 0.189721851
2239 0.189721851
2240 0.189721851
2241 0.189721851
2242 0.189721851
2243 0.189721851
2244 0.189721851
2245 0.189721851
2246 0.001250893
2247 0.001250893
2248 0.001429593
2249 0.001250893
2250 0.000893495
2251 0.001250893
2252 0.001608292
2253 0.001250893
2254 0.001250893
2255 0.001250893
2256 0.001608292
2257 0.000357398
2258 0.000357398
2259 0.000357398
2260 0.000357398
2261 0.000357398
2262 0.000357398
2263 0.000357398
2264 0.000357398
2265 0.001072194
2266 0.001072194
2267 0.001072194
2268 0.001072194
2269 0.000357398
2270 0.000357398
2271 0.000357398
2272 0.000357398
2273 0.000357398
2274 0.000357398
2275 0.000000000
2276 0.000000000
2277 0.000000000
2278 0.000357398
2279 0.000357398
2280 0.000000000
2281 0.000714796
2282 0.000714796
2283 0.000714796
2284 0.001072194
2285 0.001072194
2286 0.001072194
2287 0.001072194
2288 0.000714796
2289 0.000714796
2290 0.000714796
2291 0.000357398
2292 0.000357398
2293 0.000357398
2294 0.000357398
2295 0.000357398
2296 0.000357398
2297 0.000357398
2298 0.000357398
2299 0.001429593
2300 0.001429593
2301 0.001429593
2302 0.001429593
2303 0.001429593
2304 0.000357398
2305 0.000357398
2306 0.002144389
2307 0.002144389
2308 0.002144389
2309 0.002144389
2310 0.002144389
2311 0.002144389
2312 0.002144389
2313 0.000357398
2314 0.000357398
2315 0.000714796
2316 0.000714796
2317 0.000714796
2318 0.000357398
2319 0.000357398
2320 0.001072194
2321 0.001072194
2322 0.001072194
2323 0.001072194
2324 0.001429593
2325 0.001429593
2326 0.001429593
2327 0.001429593
2328 0.001429593
2329 0.000357398
2330 0.000357398
2331 0.000357398
2332 0.000357398
2333 0.000357398
2334 0.000357398
2335 0.000714796
2336 0.000714796
2337 0.000714796
2338 0.000357398
2339 0.000357398
2340 0.000357398
2341 0.000357398
2342 0.000000000
2343 0.001429593
2344 0.001429593
2345 0.001429593
2346 0.001429593
2347 0.001429593
2348 0.000000000
2349 0.000714796
2350 0.000714796
2351 0.000714796
2352 0.000000000
2353 0.001072194
2354 0.001072194
2355 0.001072194
2356 0.001072194
2357 0.000357398
2358 0.000357398
2359 0.001072194
2360 0.001072194
2361 0.001072194
2362 0.001072194
2363 0.000000000
2364 0.000714796
2365 0.000536097
2366 0.000536097
2367 0.000357398
2368 0.000357398
2369 0.000714796
2370 0.000714796
2371 0.000714796
2372 0.000714796
2373 0.000714796
2374 0.000714796
2375 0.000357398
2376 0.000357398
2377 0.000000000
2378 0.000714796
2379 0.000536097
2380 0.000536097
2381 0.000714796
2382 0.000714796
2383 0.000714796
2384 0.000357398
2385 0.000357398
2386 0.000357398
2387 0.000357398
2388 0.000357398
2389 0.000357398
2390 0.000000000
2391 0.000714796
2392 0.000714796
2393 0.000714796
2394 0.000000000
2395 0.000000000
2396 0.000714796
2397 0.000714796
2398 0.000714796
2399 0.000000000
2400 0.000357398
2401 0.000357398
2402 0.000357398
2403 0.000357398
2404 0.000000000
2405 0.000714796
2406 0.000714796
2407 0.000714796
2408 0.002501787
2409 0.002501787
2410 0.002501787
2411 0.002501787
2412 0.002501787
2413 0.002144389
2414 0.002323088
2415 0.002323088
2416 0.000357398
2417 0.000357398
2418 0.000357398
2419 0.000357398
2420 0.001429593
2421 0.001429593
2422 0.001429593
2423 0.001429593
2424 0.001429593
2425 0.000536097
2426 0.000714796
2427 0.000536097
2428 0.000000000
2429 0.001072194
2430 0.001072194
2431 0.000893495
2432 0.000893495
2433 0.000536097
2434 0.000714796
2435 0.000536097
2436 0.003216583
2437 0.003216583
2438 0.003216583
2439 0.003216583
2440 0.003216583
2441 0.003216583
2442 0.003216583
2443 0.003216583
2444 0.003216583
2445 0.003216583
2446 0.000714796
2447 0.000714796
2448 0.000714796
2449 0.000357398
2450 0.000357398
2451 0.000357398
2452 0.000357398
2453 0.000000000
2454 0.000000000
2455 0.000357398
2456 0.000357398
2457 0.000536097
2458 0.000714796
2459 0.000536097
2460 0.002859185
2461 0.002859185
2462 0.002859185
2463 0.002859185
2464 0.002859185
2465 0.002859185
2466 0.002859185
2467 0.002859185
2468 0.002859185
2469 0.000000000
2470 0.001072194
2471 0.001072194
2472 0.001072194
2473 0.001072194
2474 0.001786991
2475 0.001786991
2476 0.001786991
2477 0.001786991
2478 0.002144389
2479 0.001429593
2480 0.001429593
2481 0.000714796
2482 0.000714796
2483 0.000714796
2484 0.001072194
2485 0.001072194
2486 0.001072194
2487 0.001072194
2488 0.001072194
2489 0.000714796
2490 0.000714796
2491 0.000714796
2492 0.000000000
2493 0.001012628
2494 0.001608292
2495 0.001012628
2496 0.001608292
2497 0.001429593
2498 0.001429593
2499 0.000357398
2500 0.000357398
2501 0.000000000
2502 0.000000000
2503 0.000714796
2504 0.000714796
2505 0.000714796
2506 0.000000000
2507 0.000714796
2508 0.000714796
2509 0.000714796
2510 0.000000000
2511 0.000714796
2512 0.000714796
2513 0.000714796
2514 0.003216583
2515 0.003216583
2516 0.003216583
2517 0.003216583
2518 0.003216583
2519 0.003216583
2520 0.003216583
2521 0.003216583
2522 0.003216583
2523 0.003216583
2524 0.000357398
2525 0.000357398
2526 0.000714796
2527 0.000714796
2528 0.000714796
2529 0.000893495
2530 0.001429593
2531 0.000893495
2532 0.001072194
2533 0.001072194
2534 0.001072194
2535 0.001072194
2536 0.001072194
2537 0.001072194
2538 0.000714796
2539 0.000714796
2540 0.000714796
2541 0.000000000
2542 0.000357398
2543 0.000357398
2544 0.000000000
2545 0.000357398
2546 0.000357398
2547 0.000357398
2548 0.000357398
2549 0.000357398
2550 0.000357398
2551 0.000000000
2552 0.001072194
2553 0.001608292
2554 0.001786991
2555 0.001072194
2556 0.001489159
2557 0.001489159
2558 0.001489159
2559 0.000357398
2560 0.000357398
2561 0.000000000
2562 0.000714796
2563 0.000714796
2564 0.000714796
2565 0.000714796
2566 0.000536097
2567 0.000536097
2568 0.000714796
2569 0.000714796
2570 0.000714796
2571 0.000357398
2572 0.000357398
2573 0.027519657
2574 0.027519657
2575 0.027519657
2576 0.027519657
2577 0.027519657
2578 0.027519657
2579 0.027519657
2580 0.027519657
2581 0.027519657
2582 0.027519657
2583 0.027519657
2584 0.027519657
2585 0.027519657
2586 0.027519657
2587 0.027519657
2588 0.027519657
2589 0.027519657
2590 0.027519657
2591 0.027519657
2592 0.027519657
2593 0.027519657
2594 0.027519657
2595 0.027519657
2596 0.027519657
2597 0.027519657
2598 0.027519657
2599 0.027519657
2600 0.027519657
2601 0.027519657
2602 0.027519657
2603 0.027519657
2604 0.027519657
2605 0.027519657
2606 0.027519657
2607 0.027519657
2608 0.027519657
2609 0.027519657
2610 0.027519657
2611 0.027519657
2612 0.027519657
2613 0.027519657
2614 0.027519657
2615 0.027519657
2616 0.027519657
2617 0.027519657
2618 0.027519657
2619 0.027519657
2620 0.027519657
2621 0.027519657
2622 0.027519657
2623 0.027519657
2624 0.027519657
2625 0.027519657
2626 0.027519657
2627 0.027519657
2628 0.027519657
2629 0.027519657
2630 0.027519657
2631 0.027519657
2632 0.027519657
2633 0.027519657
2634 0.027519657
2635 0.027519657
2636 0.027519657
2637 0.027519657
2638 0.027519657
2639 0.027519657
2640 0.027519657
2641 0.027519657
2642 0.027519657
2643 0.027519657
2644 0.027519657
2645 0.027519657
2646 0.027519657
2647 0.027519657
2648 0.027519657
2649 0.027519657
2650 0.027519657
2651 0.000714796
2652 0.000714796
2653 0.000714796
2654 0.000000000
2655 0.001072194
2656 0.001072194
2657 0.001072194
2658 0.001072194
2659 0.000714796
2660 0.000714796
2661 0.000714796
2662 0.000357398
2663 0.000357398
2664 0.005360972
2665 0.005360972
2666 0.005360972
2667 0.005360972
2668 0.005360972
2669 0.005360972
2670 0.005360972
2671 0.005360972
2672 0.005360972
2673 0.005360972
2674 0.005360972
2675 0.005360972
2676 0.005360972
2677 0.005360972
2678 0.005360972
2679 0.005360972
2680 0.000357398
2681 0.000357398
2682 0.000893495
2683 0.000893495
2684 0.001072194
2685 0.000714796
2686 0.000357398
2687 0.000357398
2688 0.000714796
2689 0.000714796
2690 0.000714796
2691 0.000714796
2692 0.000714796
2693 0.000714796
2694 0.000714796
2695 0.000714796
2696 0.000714796
2697 0.000357398
2698 0.000357398
2699 0.000536097
2700 0.000714796
2701 0.000536097
2702 0.000000000
2703 0.000000000
2704 0.000893495
2705 0.000893495
2706 0.000655230
2707 0.000655230
2708 0.000357398
2709 0.000357398
2710 0.003216583
2711 0.003216583
2712 0.003216583
2713 0.003216583
2714 0.003216583
2715 0.003216583
2716 0.003216583
2717 0.003216583
2718 0.003216583
2719 0.003216583
2720 0.002501787
2721 0.002501787
2722 0.002501787
2723 0.002501787
2724 0.002501787
2725 0.002501787
2726 0.002501787
2727 0.002501787
2728 0.000714796
2729 0.000714796
2730 0.000714796
2731 0.000357398
2732 0.000357398
2733 0.000357398
2734 0.000357398
2735 0.001608292
2736 0.001429593
2737 0.002144389
2738 0.001429593
2739 0.001250893
2740 0.001250893
2741 0.001250893
2742 0.000357398
2743 0.000357398
2744 0.000000000
2745 0.000714796
2746 0.000714796
2747 0.000714796
2748 0.001786991
2749 0.001786991
2750 0.001250893
2751 0.001250893
2752 0.001250893
2753 0.001250893
2754 0.000000000
2755 0.000714796
2756 0.000714796
2757 0.000714796
2758 0.001608292
2759 0.001250893
2760 0.001608292
2761 0.001012628
2762 0.001429593
2763 0.001191327
2764 0.000357398
2765 0.000357398
2766 0.000714796
2767 0.000714796
2768 0.000714796
2769 0.001072194
2770 0.001072194
2771 0.001072194
2772 0.001072194
2773 0.002859185
2774 0.002859185
2775 0.002859185
2776 0.002859185
2777 0.002859185
2778 0.002859185
2779 0.002859185
2780 0.002680486
2781 0.002680486
2782 0.000357398
2783 0.000357398
2784 0.000714796
2785 0.000536097
2786 0.000536097
2787 0.002501787
2788 0.002501787
2789 0.002501787
2790 0.002501787
2791 0.002501787
2792 0.002501787
2793 0.002501787
2794 0.002501787
2795 0.000000000
2796 0.000714796
2797 0.000714796
2798 0.000714796
